100,170409,1,0
100,170407,2,0
100,170405,3,0
100,170403,4,0
100,170401,5,0
100,170402,6,0
100,170404,7,0
100,170408,8,0
100,170412,9,0
100,170414,10,0
100,170415,11,0
100,170417,12,0
100,170420,13,0
100,170421,14,0
100,170423,15,0
100,170427,16,0
100,170428,17,0
100,170192,18,0
100,170410,19,0
100,170530,20,0
100,170429,21,0
100,170426,22,0
100,170508,23,0
100,170505,24,0
100,170503,25,0
100,170501,26,0
100,170499,27,0
100,170545,28,1
101,170545,1,0
101,170500,2,0
101,170502,3,0
101,170504,4,0
101,170506,5,0
101,170509,6,0
101,170427,7,0
101,170428,8,0
101,170538,9,0
101,170429,10,0
101,170531,11,0
101,170426,12,0
101,170424,13,0
101,170422,14,0
101,170418,15,0
101,170416,16,0
101,170413,17,0
101,170411,18,0
101,170540,19,0
101,170409,20,1
200,170545,1,0
200,170437,2,0
200,170446,3,0
200,170173,4,0
200,170536,5,0
200,170448,6,0
200,170463,7,0
200,170524,8,0
200,170525,9,0
200,170526,10,0
200,170467,11,0
200,170470,12,0
200,170472,13,0
200,170473,14,0
200,170474,15,0
200,170471,16,0
200,170469,17,0
200,170468,18,0
200,170466,19,0
200,170465,20,0
200,170464,21,0
200,170462,22,0
200,170447,23,0
200,170516,24,0
200,170184,25,0
301,170545,1,0
301,170184,2,0
301,170434,3,0
301,170435,4,0
301,170488,5,0
301,170489,6,0
301,170533,7,0
301,170513,8,0
301,170512,9,0
301,170188,10,0
301,170511,11,0
301,170510,12,0
301,170534,13,0
301,170493,14,0
301,170492,15,0
301,170491,16,0
301,170490,17,0
301,170484,18,0
301,170179,19,0
301,170486,20,0
301,170487,21,0
301,170436,22,0
400,170545,1,0
400,170500,2,0
400,170502,3,0
400,170061,4,0
400,170067,5,0
400,170069,6,0
400,170079,7,0
400,170195,8,0
400,170081,9,0
400,170085,10,0
400,170086,11,0
400,170087,12,0
400,170088,13,0
400,170093,14,0
400,170116,15,0
400,170121,16,0
400,170122,17,0
400,170209,18,0
400,170124,19,0
400,170125,20,0
400,170126,21,0
400,170127,22,0
400,170129,23,0
400,170130,24,0
400,170133,25,0
400,170194,26,0
400,170141,27,0
400,170501,28,0
400,170499,29,0
500,170545,1,0
500,170437,2,0
500,170433,3,0
500,170438,4,0
500,170439,5,0
500,170440,6,0
500,170215,7,0
500,170443,8,0
500,170191,9,0
500,170190,10,0
500,170528,11,0
500,170444,12,0
500,170442,13,0
500,170441,14,0
500,170529,15,0
500,170445,16,0
500,170535,17,0
500,170517,18,0
500,170516,19,0
500,170184,20,0
700,170545,1,0
700,170184,2,0
700,170434,3,0
700,170435,4,0
700,170485,5,0
700,170514,6,0
700,170483,7,0
700,170482,8,0
700,170496,9,0
700,170497,10,0
700,170002,11,0
700,170498,12,0
700,170494,13,0
700,170495,14,0
700,170481,15,0
700,170480,16,0
700,170479,17,0
700,170478,18,0
700,170477,19,0
700,170476,20,0
700,170475,21,0
1401,170545,1,0
1401,170437,2,0
1401,170446,3,0
1401,170449,4,0
1401,170450,5,0
1401,170451,6,0
1401,170461,7,0
1401,170453,8,0
1401,170455,9,0
1401,170457,10,0
1401,170458,11,0
1401,170460,12,0
1401,170459,13,0
1401,170456,14,0
1401,170454,15,0
1401,170537,16,0
1401,170518,17,0
1401,170519,18,0
1401,170520,19,0
1401,170521,20,0
1401,170522,21,0
1401,170523,22,0
1401,170464,23,0
1401,170462,24,0
1401,170447,25,0
1401,170173,26,0
1401,170516,27,0
1401,170184,28,0
1401,170193,29,0
2000,170545,1,0
2000,170184,2,0
2000,170434,3,0
2000,170435,4,0
2000,170485,5,0
2000,170514,6,0
2000,170483,7,0
2000,170482,8,0
2000,170496,9,0
2000,170497,10,0
2000,170002,11,0
2000,170498,12,0
2000,170493,13,0
2000,170492,14,0
2000,170491,15,0
2000,170490,16,0
2000,170484,17,0
2000,170179,18,0
2000,170486,19,0
2000,170487,20,0
2000,170436,21,0
2200,171001,1,0
2200,171007,2,0
2200,170211,3,0
2200,170212,4,1
2200,170191,5,0
2200,170190,6,0
2200,170161,7,0
2200,171008,8,0
2200,171006,9,0
2200,171004,10,0
2200,171000,12,0
2200,171009,13,1
2201,171009,1,0
2201,171000,2,0
2201,171002,3,0
2201,171003,4,0
2201,171005,5,0
2201,171007,6,0
2201,170211,7,0
2201,170212,8,0
2201,170191,9,0
2201,170190,10,0
2201,170161,11,0
2201,171008,12,0
2201,171001,13,1
3100,172003,1,0
3100,172025,2,0
3100,172027,3,0
3100,172013,4,0
3100,172028,5,0
3100,172023,6,0
3100,172015,7,0
3100,172018,8,0
3100,172017,9,0
3100,172016,10,0
3100,172005,11,1
3101,172005,1,0
3101,172006,2,0
3101,172007,3,0
3101,172008,4,0
3101,172004,5,0
3101,172016,6,0
3101,172017,7,0
3101,172018,8,0
3101,172014,9,0
3101,172022,10,0
3101,172009,11,0
3101,172010,12,0
3101,172011,13,0
3101,172012,14,0
3101,172026,15,0
3101,172024,16,0
3101,172000,17,0
3101,172001,18,0
3101,172002,19,0
3101,172003,20,1
3200,172005,1,0
3200,172006,2,0
3200,172007,3,0
3200,172008,4,0
3200,172004,5,0
3200,172016,6,0
3200,172017,7,0
3200,172018,8,0
3200,172020,9,0
3200,172019,10,1
3201,172019,1,0
3201,172021,2,0
3201,172018,3,0
3201,172017,4,0
3201,172016,5,0
3201,172005,6,1
4100,174002,1,0
4100,174000,2,0
4100,170007,3,0
4100,174001,4,0
4100,170009,5,0
4100,170010,6,0
4100,174011,7,0
4100,170012,8,0
4100,174003,9,0
4100,170013,10,0
4100,174004,11,0
4100,174005,12,0
4100,174014,13,0
4100,174012,14,0
4100,174010,15,0
4100,174009,16,0
4100,170014,17,0
4100,170015,18,0
4100,174006,19,1
4101,174006,1,0
4101,170021,2,0
4101,174016,3,0
4101,174017,4,0
4101,174012,5,0
4101,174013,6,0
4101,174005,7,0
4101,174004,8,0
4101,170013,9,0
4101,174003,10,0
4101,170012,11,0
4101,170010,12,0
4101,174015,13,0
4101,174001,14,0
4101,170008,15,0
4101,170004,16,0
4101,170005,17,0
4101,174002,18,1
