'EKT2209-2209SA-Saturday-10',500,93300,0,'College',0,7000,,'',0,3000,0,'College',0,8000,,'',0,3000,0,'College',0,7000,,'',0,3000,0,'College',0,7000,,'',0,3000,0,'College',0,7500,,'',0,3000,0,'College',0,7000,,'',0,3000,0,'College',0,7500,,'',0,3000,0,'College',0,6000,,'',0,9500,,'',0
'EKT2209-2209SA-Saturday-20',500,93300,0,'College',0,7000,,'',0,3000,0,'College',0,8000,,'',0,3000,0,'College',0,7000,,'',0,3000,0,'College',0,7000,,'',0,3000,0,'College',0,7500,,'',0,3000,0,'College',0,7000,,'',0,3000,0,'College',0,7500,,'',0,3000,0,'College',0,6000,,'',0,9500,,'',0
'EKT2209-2209SU-Sunday-10',500,94800,,'',0,10000,,'',0,10000,,'',0,10000,,'',0,15500,,'',0,10000,,'',0,10000,,'',0,10000,,'',0
'EKT2209-2209SU-Sunday-20',500,94800,,'',0,10000,,'',0,10000,,'',0,10000,,'',0,15500,,'',0,10000,,'',0,10000,,'',0,10000,,'',0
'EKT2209-2209WK-Weekday-10',500,74800,0,'College',0,5500,,'',0,1500,0,'College',0,1500,,'',0,1500,0,'College',0,6000,,'',0,1500,0,'College',0,2000,,'',0,1500,0,'College',0,7000,,'',0,3000,0,'College',0,7000,,'',0,3000,0,'College',0,7000,,'',0,3000,0,'College',0,7000,,'',0,3000,0,'College',0,7000,,'',0,2000,0,'College',0,5500,,'',0,1500,0,'College',0,1500,,'',0,1500,0,'College',0,5500,,'',0,1500,0,'College',0,1500,,'',0,2000,0,'College',0,5500,,'',0,1500,0,'College',0,1500,,'',0,7000,0,'College',0
'EKT2209-2209WK-Weekday-10-0000100',500,183800,,'',0
'EKT2209-2209WK-Weekday-11',500,74800,0,'College',0,5500,,'',0,1500,0,'College',0,1500,,'',0,1500,0,'College',0,6000,,'',0,1500,0,'College',0,2000,,'',0,1500,0,'College',0,7000,,'',0,3000,0,'College',0,7000,,'',0,3000,0,'College',0,7000,,'',0,3000,0,'College',0,7000,,'',0,3000,0,'College',0,7000,,'',0,2000,0,'College',0,5500,,'',0,1500,0,'College',0,1500,,'',0,1500,0,'College',0,5500,,'',0,1500,0,'College',0,1500,,'',0,2000,0,'College',0,5500,,'',0,1500,0,'College',0,1500,,'',0,7000,0,'College',0
'EKT2209-2209WK-Weekday-11-0000100',500,183800,,'',0
'EKT2209-2209WK-Weekday-20',500,74800,0,'College',0,5500,,'',0,1500,0,'College',0,1500,,'',0,1500,0,'College',0,6000,,'',0,1500,0,'College',0,2000,,'',0,1500,0,'College',0,7000,,'',0,3000,0,'College',0,7000,,'',0,3000,0,'College',0,7000,,'',0,3000,0,'College',0,7000,,'',0,3000,0,'College',0,7000,,'',0,2000,0,'College',0,5500,,'',0,1500,0,'College',0,1500,,'',0,1500,0,'College',0,5500,,'',0,1500,0,'College',0,1500,,'',0,2000,0,'College',0,5500,,'',0,1500,0,'College',0,1500,,'',0,7000,0,'College',0
'EKT2209-2209WK-Weekday-20-0000100',500,183800,,'',0
'EKT2209-2209WK-Weekday-21',500,74800,0,'College',0,5500,,'',0,1500,0,'College',0,1500,,'',0,1500,0,'College',0,6000,,'',0,1500,0,'College',0,2000,,'',0,1500,0,'College',0,7000,,'',0,3000,0,'College',0,7000,,'',0,3000,0,'College',0,7000,,'',0,3000,0,'College',0,7000,,'',0,3000,0,'College',0,7000,,'',0,2000,0,'College',0,5500,,'',0,1500,0,'College',0,1500,,'',0,1500,0,'College',0,5500,,'',0,1500,0,'College',0,1500,,'',0,2000,0,'College',0,5500,,'',0,1500,0,'College',0,1500,,'',0,7000,0,'College',0
'EKT2209-2209WK-Weekday-21-0000100',500,183800,,'',0
