103,170545,1,0
103,170500,2,0
103,170502,3,0
103,170504,4,0
103,170506,5,0
103,170509,6,0
103,170427,7,0
103,170428,8,0
103,170429,9,0
103,170426,10,0
103,170424,11,0
103,170422,12,0
103,170146,13,0
103,170418,14,0
103,170416,15,0
103,170538,16,0
103,170531,17,0
103,170413,18,0
103,170411,19,0
103,170540,20,0
103,170409,21,1
104,170409,1,0
104,170407,2,0
104,170410,3,0
104,170405,4,0
104,170532,5,0
104,170403,6,0
104,170401,7,0
104,170402,8,0
104,170404,9,0
104,170408,10,0
104,170412,11,0
104,170414,12,0
104,170415,13,0
104,170417,14,0
104,170420,15,0
104,170421,16,0
104,170423,17,0
104,170425,18,0
104,170427,19,0
104,170530,20,0
104,170429,21,0
104,170426,22,0
104,170508,23,0
104,170507,24,0
104,170505,25,0
104,170503,26,0
104,170501,27,0
104,170499,28,0
104,170545,29,1
201,170545,1,0
201,170437,2,0
201,170446,3,0
201,170536,4,0
201,170448,5,0
201,170463,6,0
201,170524,7,0
201,170525,8,0
201,170526,9,0
201,170467,10,0
201,170470,11,0
201,170472,12,0
201,170473,13,0
201,170474,14,1
202,170474,1,0
202,170471,2,0
202,170469,3,0
202,170468,4,0
202,170466,5,0
202,170465,6,0
202,170464,7,0
202,170462,8,0
202,170447,9,0
202,170541,10,0
202,170516,11,0
202,170545,12,1
301,170510,1,0
301,170534,2,0
301,170493,3,0
301,170492,4,0
301,170491,5,0
301,170490,6,0
301,170484,7,0
301,170486,8,0
301,170487,9,0
301,170436,10,0
301,170545,11,1
302,170545,1,0
302,170515,2,0
302,170434,3,0
302,170435,4,0
302,170488,5,0
302,170489,6,0
302,170533,7,0
302,170513,8,0
302,170512,9,0
302,170511,10,0
302,170510,11,1
403,170545,1,0
403,170500,2,0
403,170502,3,0
403,170061,4,0
403,170067,5,0
403,170069,6,0
403,170079,7,0
403,570000,8,0
403,170081,9,0
403,170085,10,0
403,170086,11,0
403,170087,12,0
403,170088,13,0
403,170093,14,0
403,170116,15,0
403,170121,16,0
403,170122,17,0
403,570002,18,1
404,570002,1,0
404,170124,2,0
404,170125,3,0
404,170126,4,0
404,170127,5,0
404,170129,6,0
404,170130,7,0
404,170133,8,0
404,570001,9,0
404,170141,10,0
404,170501,11,0
404,170499,12,0
404,170545,13,1
501,170545,1,0
501,170437,2,0
501,170433,3,0
501,170438,4,0
501,170439,5,0
501,170440,6,0
501,170443,7,0
501,170539,8,0
501,170431,9,1
502,170431,1,0
502,170528,2,0
502,170444,3,0
502,170442,4,0
502,170441,5,0
502,170529,6,0
502,170445,7,0
502,170535,8,0
502,170432,9,0
502,170517,10,0
502,170516,11,0
502,170545,12,1
703,170002,1,0
703,170498,2,0
703,170494,3,0
703,170495,4,0
703,170480,5,0
703,170479,6,0
703,170478,7,0
703,170477,8,0
703,170476,9,0
703,170475,10,0
703,170545,11,1
704,170545,1,0
704,170515,2,0
704,170434,3,0
704,170435,4,0
704,170485,5,0
704,170514,6,0
704,170483,7,0
704,170482,8,0
704,170496,9,0
704,170497,10,0
704,170002,11,1
1403,170460,1,0
1403,170459,2,0
1403,170456,3,0
1403,170454,4,0
1403,170537,5,0
1403,170518,6,0
1403,170519,7,0
1403,170520,8,0
1403,170521,9,0
1403,170522,10,0
1403,170523,11,0
1403,170464,12,0
1403,170462,13,0
1403,170447,14,0
1403,170541,15,0
1403,170516,16,0
1403,170545,17,1
1404,170545,1,0
1404,170437,2,0
1404,170446,3,0
1404,170449,4,0
1404,170450,5,0
1404,170451,6,0
1404,170461,7,0
1404,170452,8,0
1404,170453,9,0
1404,170455,10,0
1404,170457,11,0
1404,170458,12,0
1404,170460,13,1
2003,170002,1,0
2003,170498,2,0
2003,170493,3,0
2003,170492,4,0
2003,170491,5,0
2003,170490,6,0
2003,170484,7,0
2003,170486,8,0
2003,170487,9,0
2003,170436,10,0
2003,170545,11,1
2004,170545,1,0
2004,170515,2,0
2004,170434,3,0
2004,170435,4,0
2004,170485,5,0
2004,170514,6,0
2004,170483,7,0
2004,170482,8,0
2004,170496,9,0
2004,170497,10,0
2004,170002,11,1
