'EKT2209-2209SA-Saturday-10',101,91900,,'',0,3000,0,'Walmart',0,200,0,'Walmart',0,7300,,'',0,3500,0,'Walmart',0,4200,0,'Walmart',0,2800,,'',0,3000,0,'Walmart',0,4200,0,'Walmart',0,2800,,'',0,3000,0,'Walmart',0,4200,0,'Walmart',0,2800,,'',0,7500,0,'Walmart',0,200,0,'Walmart',0,2800,,'',0,7000,0,'Walmart',0,200,0,'Walmart',0,2800,,'',0,7000,0,'Walmart',0,200,0,'Walmart',0,3300,,'',0,7500,0,'Walmart',0,200,0,'Walmart',0,3800,,'',0,10000,,'',0,10000,,'',0,10000,,'',0
'EKT2209-2209SA-Saturday-20',101,91900,,'',0,3000,0,'Walmart',0,200,0,'Walmart',0,7300,,'',0,3500,0,'Walmart',0,4200,0,'Walmart',0,2800,,'',0,3000,0,'Walmart',0,4200,0,'Walmart',0,2800,,'',0,3000,0,'Walmart',0,4200,0,'Walmart',0,2800,,'',0,7500,0,'Walmart',0,200,0,'Walmart',0,2800,,'',0,7000,0,'Walmart',0,200,0,'Walmart',0,2800,,'',0,7000,0,'Walmart',0,200,0,'Walmart',0,3300,,'',0,7500,0,'Walmart',0,200,0,'Walmart',0,3800,,'',0,10000,,'',0,10000,,'',0,10000,,'',0
'EKT2209-2209SU-Sunday-10',101,100400,,'',0,3000,,'',0,7000,0,'Walmart',0,200,0,'Walmart',0,2800,,'',0,7000,0,'Walmart',0,200,0,'Walmart',0,2800,,'',0,11500,,'',0,7000,0,'Walmart',0,200,0,'Walmart',0,2800,,'',0,7000,0,'Walmart',0,200,0,'Walmart',0,2800,,'',0,7000,0,'Walmart',0,200,0,'Walmart',0,2800,,'',0,7000,,'',0
'EKT2209-2209SU-Sunday-20',101,100400,,'',0,3000,,'',0,7000,0,'Walmart',0,200,0,'Walmart',0,2800,,'',0,7000,0,'Walmart',0,200,0,'Walmart',0,2800,,'',0,11500,,'',0,7000,0,'Walmart',0,200,0,'Walmart',0,2800,,'',0,7000,0,'Walmart',0,200,0,'Walmart',0,2800,,'',0,7000,0,'Walmart',0,200,0,'Walmart',0,2800,,'',0,7000,,'',0
'EKT2209-2209WK-Weekday-10',101,71900,,'',0,2900,0,'Walmart',0,100,0,'Walmart',0,8500,,'',0,7500,,'',0,3500,0,'Walmart',0,200,0,'Walmart',0,6800,,'',0,3000,0,'Walmart',0,200,0,'Walmart',0,6800,,'',0,3000,0,'Walmart',0,200,0,'Walmart',0,6800,,'',0,3000,0,'Walmart',0,200,0,'Walmart',0,6800,,'',0,3000,0,'Walmart',0,200,0,'Walmart',0,6800,,'',0,3500,,'',0,7000,,'',0,3000,,'',0,7000,0,'Walmart',0,200,0,'Walmart',0,3300,,'',0,7000,,'',0,3000,,'',0,7000,,'',0
'EKT2209-2209WK-Weekday-10-0000100',101,185400,,'',0,10000,,'',0,10000,,'',0
'EKT2209-2209WK-Weekday-11',101,71900,,'',0,2900,0,'Walmart',0,100,0,'Walmart',0,8500,,'',0,7500,,'',0,3500,0,'Walmart',0,200,0,'Walmart',0,6800,,'',0,3000,0,'Walmart',0,200,0,'Walmart',0,6800,,'',0,3000,0,'Walmart',0,200,0,'Walmart',0,6800,,'',0,3000,0,'Walmart',0,200,0,'Walmart',0,6800,,'',0,3000,0,'Walmart',0,200,0,'Walmart',0,6800,,'',0,3500,,'',0,7000,,'',0,3000,,'',0,7000,0,'Walmart',0,200,0,'Walmart',0,3300,,'',0,7000,,'',0,3000,,'',0,7000,,'',0
'EKT2209-2209WK-Weekday-11-0000100',101,185400,,'',0,10000,,'',0,10000,,'',0
'EKT2209-2209WK-Weekday-20',101,71900,,'',0,2900,0,'Walmart',0,100,0,'Walmart',0,8500,,'',0,7500,,'',0,3500,0,'Walmart',0,200,0,'Walmart',0,6800,,'',0,3000,0,'Walmart',0,200,0,'Walmart',0,6800,,'',0,3000,0,'Walmart',0,200,0,'Walmart',0,6800,,'',0,3000,0,'Walmart',0,200,0,'Walmart',0,6800,,'',0,3000,0,'Walmart',0,200,0,'Walmart',0,6800,,'',0,3500,,'',0,7000,,'',0,3000,,'',0,7000,0,'Walmart',0,200,0,'Walmart',0,3300,,'',0,7000,,'',0,3000,,'',0,7000,,'',0
'EKT2209-2209WK-Weekday-20-0000100',101,185400,,'',0,10000,,'',0,10000,,'',0
'EKT2209-2209WK-Weekday-21',101,71900,,'',0,2900,0,'Walmart',0,100,0,'Walmart',0,8500,,'',0,7500,,'',0,3500,0,'Walmart',0,200,0,'Walmart',0,6800,,'',0,3000,0,'Walmart',0,200,0,'Walmart',0,6800,,'',0,3000,0,'Walmart',0,200,0,'Walmart',0,6800,,'',0,3000,0,'Walmart',0,200,0,'Walmart',0,6800,,'',0,3000,0,'Walmart',0,200,0,'Walmart',0,6800,,'',0,3500,,'',0,7000,,'',0,3000,,'',0,7000,0,'Walmart',0,200,0,'Walmart',0,3300,,'',0,7000,,'',0,3000,,'',0,7000,,'',0
'EKT2209-2209WK-Weekday-21-0000100',101,185400,,'',0,10000,,'',0,10000,,'',0
