'EKT2209-2209SA-Saturday-10',500,93800,0,'College',0,7100,,'',0,2900,0,'College',0,8100,,'',0,2900,0,'College',0,7100,,'',0,2900,0,'College',0,7100,,'',0,2900,0,'College',0,7600,,'',0,2900,0,'College',0,7100,,'',0,2900,0,'College',0,7600,,'',0,2900,0,'College',0,6100,,'',0,9500,,'',0
'EKT2209-2209SA-Saturday-20',500,93800,0,'College',0,7100,,'',0,2900,0,'College',0,8100,,'',0,2900,0,'College',0,7100,,'',0,2900,0,'College',0,7100,,'',0,2900,0,'College',0,7600,,'',0,2900,0,'College',0,7100,,'',0,2900,0,'College',0,7600,,'',0,2900,0,'College',0,6100,,'',0,9500,,'',0
'EKT2209-2209SU-Sunday-10',500,95500,,'',0,10000,,'',0,10000,,'',0,9900,,'',0,15600,,'',0,10000,,'',0,9900,,'',0,10100,,'',0
'EKT2209-2209SU-Sunday-20',500,95500,,'',0,10000,,'',0,10000,,'',0,9900,,'',0,15600,,'',0,10000,,'',0,9900,,'',0,10100,,'',0
'EKT2209-2209WK-Weekday-10',500,75300,0,'College',0,5600,,'',0,1400,0,'College',0,1600,,'',0,1400,0,'College',0,6100,,'',0,1400,0,'College',0,2100,,'',0,5400,0,'College',0,3100,,'',0,6900,0,'College',0,3100,,'',0,6900,0,'College',0,3100,,'',0,6900,0,'College',0,3100,,'',0,6900,0,'College',0,3100,,'',0,1900,0,'College',0,5600,,'',0,1400,0,'College',0,1600,,'',0,1400,0,'College',0,5600,,'',0,1400,0,'College',0,1600,,'',0,1900,0,'College',0,5600,,'',0,1400,0,'College',0,1600,,'',0,6900,0,'College',0
'EKT2209-2209WK-Weekday-10-0000100',500,184400,,'',0
'EKT2209-2209WK-Weekday-11',500,75300,0,'College',0,5600,,'',0,1400,0,'College',0,1600,,'',0,1400,0,'College',0,6100,,'',0,1400,0,'College',0,2100,,'',0,5400,0,'College',0,3100,,'',0,6900,0,'College',0,3100,,'',0,6900,0,'College',0,3100,,'',0,6900,0,'College',0,3100,,'',0,6900,0,'College',0,3100,,'',0,1900,0,'College',0,5600,,'',0,1400,0,'College',0,1600,,'',0,1400,0,'College',0,5600,,'',0,1400,0,'College',0,1600,,'',0,1900,0,'College',0,5600,,'',0,1400,0,'College',0,1600,,'',0,6900,0,'College',0
'EKT2209-2209WK-Weekday-11-0000100',500,184400,,'',0
'EKT2209-2209WK-Weekday-20',500,75300,0,'College',0,5600,,'',0,1400,0,'College',0,1600,,'',0,1400,0,'College',0,6100,,'',0,1400,0,'College',0,2100,,'',0,5400,0,'College',0,3100,,'',0,6900,0,'College',0,3100,,'',0,6900,0,'College',0,3100,,'',0,6900,0,'College',0,3100,,'',0,6900,0,'College',0,3100,,'',0,1900,0,'College',0,5600,,'',0,1400,0,'College',0,1600,,'',0,1400,0,'College',0,5600,,'',0,1400,0,'College',0,1600,,'',0,1900,0,'College',0,5600,,'',0,1400,0,'College',0,1600,,'',0,6900,0,'College',0
'EKT2209-2209WK-Weekday-20-0000100',500,184400,,'',0
'EKT2209-2209WK-Weekday-21',500,75300,0,'College',0,5600,,'',0,1400,0,'College',0,1600,,'',0,1400,0,'College',0,6100,,'',0,1400,0,'College',0,2100,,'',0,5400,0,'College',0,3100,,'',0,6900,0,'College',0,3100,,'',0,6900,0,'College',0,3100,,'',0,6900,0,'College',0,3100,,'',0,6900,0,'College',0,3100,,'',0,1900,0,'College',0,5600,,'',0,1400,0,'College',0,1600,,'',0,1400,0,'College',0,5600,,'',0,1400,0,'College',0,1600,,'',0,1900,0,'College',0,5600,,'',0,1400,0,'College',0,1600,,'',0,6900,0,'College',0
'EKT2209-2209WK-Weekday-21-0000100',500,184400,,'',0
