'EKT2309-2309SA-Saturday-01',100,95400,4,'',0,8500,4,'',0,7500,4,'',0,4500,4,'',0,8000,4,'',0,7500,4,'',0,4500,4,'',0,8000,4,'',0,8000,4,'',0,4000,4,'',0,7500,4,'',0,9500,4,'',0,10200,4,'',0,10300,4,'',0,10000,4,'',0
'EKT2309-2309SA-Saturday-01',101,93000,,'',0,8500,,'',0,3500,,'',0,8500,,'',0,8000,,'',0,3500,,'',0,8500,,'',0,8000,,'',0,4000,,'',0,8000,,'',0,7500,,'',0,9500,,'',0,10200,,'',0,10300,,'',0,10000,,'',0,10000,,'',0
'EKT2309-2309SA-Saturday-20',100,95400,4,'',0,8500,4,'',0,7500,4,'',0,4500,4,'',0,8000,4,'',0,7500,4,'',0,4500,4,'',0,8000,4,'',0,8000,4,'',0,4000,4,'',0,7500,4,'',0,9500,4,'',0,10200,4,'',0,10300,4,'',0,10000,4,'',0
'EKT2309-2309SA-Saturday-20',101,93000,,'',0,8500,,'',0,3500,,'',0,8500,,'',0,8000,,'',0,3500,,'',0,8500,,'',0,8000,,'',0,4000,,'',0,8000,,'',0,7500,,'',0,9500,,'',0,10200,,'',0,10300,,'',0,10000,,'',0,10000,,'',0
'EKT2309-2309SA-Saturday-31',100,102400,4,'',0,3500,4,'',0,8100,4,'',0,7900,4,'',0,8100,4,'',0,5400,4,'',0,8100,4,'',0,7900,4,'',0,4100,4,'',0,7700,4,'',0,8300,4,'',0
'EKT2309-2309SA-Saturday-31',101,100000,,'',0,3500,,'',0,8100,,'',0,3900,,'',0,8100,,'',0,9400,,'',0,8100,,'',0,3900,,'',0,8100,,'',0,7700,,'',0,4300,,'',0,8900,,'',0
'EKT2309-2309SU-Sunday-01',100,102400,4,'',0,3500,4,'',0,8100,4,'',0,7900,4,'',0,8100,4,'',0,5400,4,'',0,8100,4,'',0,7900,4,'',0,4100,4,'',0,7700,4,'',0,8300,4,'',0
'EKT2309-2309SU-Sunday-01',101,100000,,'',0,3500,,'',0,8100,,'',0,3900,,'',0,8100,,'',0,9400,,'',0,8100,,'',0,3900,,'',0,8100,,'',0,7700,,'',0,4300,,'',0,8900,,'',0
'EKT2309-2309SU-Sunday-20',100,102400,4,'',0,3500,4,'',0,8100,4,'',0,7900,4,'',0,8100,4,'',0,5400,4,'',0,8100,4,'',0,7900,4,'',0,4100,4,'',0,7700,4,'',0,8300,4,'',0
'EKT2309-2309SU-Sunday-20',101,100000,,'',0,3500,,'',0,8100,,'',0,3900,,'',0,8100,,'',0,9400,,'',0,8100,,'',0,3900,,'',0,8100,,'',0,7700,,'',0,4300,,'',0,8900,,'',0
'EKT2309-2309WK-Weekday-06',100,74600,4,'',0,9600,4,'',0,7600,4,'',0,10000,4,'',0,1800,4,'',0,8200,4,'',0,8400,4,'',0,3600,4,'',0,8000,4,'',0,4000,4,'',0,8400,4,'',0,8000,4,'',0,2600,4,'',0,7000,4,'',0,4000,4,'',0,8000,4,'',0
'EKT2309-2309WK-Weekday-06',101,72000,,'',0,9000,,'',0,4000,,'',0,10000,,'',0,6000,,'',0,4000,,'',0,8000,,'',0,8000,,'',0,4000,,'',0,8000,,'',0,8000,,'',0,4000,,'',0,7000,,'',0,3000,,'',0,8000,,'',0,8000,,'',0,10000,,'',0
'EKT2309-2309WK-Weekday-06-0000100',100,183600,4,'',0,10000,4,'',0,10000,4,'',0
'EKT2309-2309WK-Weekday-06-0000100',101,191000,,'',0,10000,,'',0,10000,,'',0
'EKT2309-2309WK-Weekday-11',100,74600,4,'',0,9600,4,'',0,7600,4,'',0,10000,4,'',0,1800,4,'',0,8200,4,'',0,8400,4,'',0,3600,4,'',0,8000,4,'',0,4000,4,'',0,8400,4,'',0,8000,4,'',0,2600,4,'',0,7000,4,'',0,4000,4,'',0,8000,4,'',0
'EKT2309-2309WK-Weekday-11',101,72000,,'',0,9000,,'',0,4000,,'',0,10000,,'',0,6000,,'',0,4000,,'',0,8000,,'',0,8000,,'',0,4000,,'',0,8000,,'',0,8000,,'',0,4000,,'',0,7000,,'',0,3000,,'',0,8000,,'',0,8000,,'',0,10000,,'',0
'EKT2309-2309WK-Weekday-11-0000100',100,183600,4,'',0,10000,4,'',0,10000,4,'',0
'EKT2309-2309WK-Weekday-11-0000100',101,191000,,'',0,10000,,'',0,10000,,'',0
'EKT2309-2309WK-Weekday-20',100,74600,4,'',0,9600,4,'',0,7600,4,'',0,10000,4,'',0,1800,4,'',0,8200,4,'',0,8400,4,'',0,3600,4,'',0,8000,4,'',0,4000,4,'',0,8400,4,'',0,8000,4,'',0,2600,4,'',0,7000,4,'',0,4000,4,'',0,8000,4,'',0
'EKT2309-2309WK-Weekday-20',101,72000,,'',0,9000,,'',0,4000,,'',0,10000,,'',0,6000,,'',0,4000,,'',0,8000,,'',0,8000,,'',0,4000,,'',0,8000,,'',0,8000,,'',0,4000,,'',0,7000,,'',0,3000,,'',0,8000,,'',0,8000,,'',0,10000,,'',0
'EKT2309-2309WK-Weekday-20-0000100',100,183600,4,'',0,10000,4,'',0,10000,4,'',0
'EKT2309-2309WK-Weekday-20-0000100',101,191000,,'',0,10000,,'',0,10000,,'',0
'EKT2309-2309WK-Weekday-21',100,74600,4,'',0,9600,4,'',0,7600,4,'',0,10000,4,'',0,1800,4,'',0,8200,4,'',0,8400,4,'',0,3600,4,'',0,8000,4,'',0,4000,4,'',0,8400,4,'',0,8000,4,'',0,2600,4,'',0,7000,4,'',0,4000,4,'',0,8000,4,'',0
'EKT2309-2309WK-Weekday-21',101,72000,,'',0,9000,,'',0,4000,,'',0,10000,,'',0,6000,,'',0,4000,,'',0,8000,,'',0,8000,,'',0,4000,,'',0,8000,,'',0,8000,,'',0,4000,,'',0,7000,,'',0,3000,,'',0,8000,,'',0,8000,,'',0,10000,,'',0
'EKT2309-2309WK-Weekday-21-0000100',100,183600,4,'',0,10000,4,'',0,10000,4,'',0
'EKT2309-2309WK-Weekday-21-0000100',101,191000,,'',0,10000,,'',0,10000,,'',0
'EKT2309-2309SA-Saturday-01',200,103000,,'',0,1300,4,'',0,8700,,'',0,1300,4,'',0,8700,,'',0,1300,4,'',0,9200,,'',0,1300,4,'',0,8200,,'',0,1300,4,'',0,9200,,'',0,1300,4,'',0,8200,,'',0,1300,4,'',0,9200,,'',0,1300,4,'',0,8700,,'',0,1300,4,'',0
'EKT2309-2309SA-Saturday-20',200,103000,,'',0,1300,4,'',0,8700,,'',0,1300,4,'',0,8700,,'',0,1300,4,'',0,9200,,'',0,1300,4,'',0,8200,,'',0,1300,4,'',0,9200,,'',0,1300,4,'',0,8200,,'',0,1300,4,'',0,9200,,'',0,1300,4,'',0,8700,,'',0,1300,4,'',0
'EKT2309-2309SA-Saturday-31',200,100000,,'',0,1300,4,'',0,10300,,'',0,1300,4,'',0,10700,,'',0,1300,4,'',0,16200,,'',0,1300,4,'',0,10700,,'',0,1300,4,'',0,10700,,'',0,5300,4,'',0
'EKT2309-2309SU-Sunday-01',200,100000,,'',0,1300,4,'',0,10300,,'',0,1300,4,'',0,10700,,'',0,1300,4,'',0,16200,,'',0,1300,4,'',0,10700,,'',0,1300,4,'',0,10700,,'',0,5300,4,'',0
'EKT2309-2309SU-Sunday-20',200,100000,,'',0,1300,4,'',0,10300,,'',0,1300,4,'',0,10700,,'',0,1300,4,'',0,16200,,'',0,1300,4,'',0,10700,,'',0,1300,4,'',0,10700,,'',0,5300,4,'',0
'EKT2309-2309WK-Weekday-06',200,75300,,'',0,5500,4,'',0,2500,,'',0,1500,4,'',0,8500,,'',0,1500,4,'',0,8900,,'',0,1500,4,'',0,8100,,'',0,1500,4,'',0,8500,,'',0,1500,4,'',0,8500,,'',0,1500,4,'',0,8200,,'',0,1500,4,'',0,10500,,'',0,5500,4,'',0,3000,,'',0,1500,4,'',0,6000,,'',0,1500,4,'',0,3000,,'',0,5500,4,'',0
'EKT2309-2309WK-Weekday-06-0000100',200,185500,,'',0,5500,4,'',0
'EKT2309-2309WK-Weekday-11',200,75300,,'',0,5500,4,'',0,2500,,'',0,1500,4,'',0,8500,,'',0,1500,4,'',0,8900,,'',0,1500,4,'',0,8100,,'',0,1500,4,'',0,8500,,'',0,1500,4,'',0,8500,,'',0,1500,4,'',0,8200,,'',0,1500,4,'',0,10500,,'',0,5500,4,'',0,3000,,'',0,1500,4,'',0,6000,,'',0,1500,4,'',0,3000,,'',0,5500,4,'',0
'EKT2309-2309WK-Weekday-11-0000100',200,185500,,'',0,5500,4,'',0
'EKT2309-2309WK-Weekday-20',200,75300,,'',0,5500,4,'',0,2500,,'',0,1500,4,'',0,8500,,'',0,1500,4,'',0,8900,,'',0,1500,4,'',0,8100,,'',0,1500,4,'',0,8500,,'',0,1500,4,'',0,8500,,'',0,1500,4,'',0,8200,,'',0,1500,4,'',0,10500,,'',0,5500,4,'',0,3000,,'',0,1500,4,'',0,6000,,'',0,1500,4,'',0,3000,,'',0,5500,4,'',0
'EKT2309-2309WK-Weekday-20-0000100',200,185500,,'',0,5500,4,'',0
'EKT2309-2309WK-Weekday-21',200,75300,,'',0,5500,4,'',0,2500,,'',0,1500,4,'',0,8500,,'',0,1500,4,'',0,8900,,'',0,1500,4,'',0,8100,,'',0,1500,4,'',0,8500,,'',0,1500,4,'',0,8500,,'',0,1500,4,'',0,8200,,'',0,1500,4,'',0,10500,,'',0,5500,4,'',0,3000,,'',0,1500,4,'',0,6000,,'',0,1500,4,'',0,3000,,'',0,5500,4,'',0
'EKT2309-2309WK-Weekday-21-0000100',200,185500,,'',0,5500,4,'',0
'EKT2309-2309SA-Saturday-01',301,91500,,'',0,1300,4,'',0,8700,,'',0,1300,4,'',0,8700,,'',0,1300,4,'',0,8700,,'',0,1300,4,'',0,9000,,'',0,1300,4,'',0,8400,,'',0,1300,4,'',0,8700,,'',0,1300,4,'',0,8700,,'',0,1300,4,'',0,8700,,'',0,1300,4,'',0,9200,,'',0,1300,4,'',0
'EKT2309-2309SA-Saturday-20',301,91500,,'',0,1300,4,'',0,8700,,'',0,1300,4,'',0,8700,,'',0,1300,4,'',0,8700,,'',0,1300,4,'',0,9000,,'',0,1300,4,'',0,8400,,'',0,1300,4,'',0,8700,,'',0,1300,4,'',0,8700,,'',0,1300,4,'',0,8700,,'',0,1300,4,'',0,9200,,'',0,1300,4,'',0
'EKT2309-2309SA-Saturday-31',301,110100,,'',0,1300,4,'',0,10700,,'',0,1300,4,'',0,12200,,'',0,5300,4,'',0,10700,,'',0,1300,4,'',0,10700,,'',0,1300,4,'',0
'EKT2309-2309SU-Sunday-01',301,110100,,'',0,1300,4,'',0,10700,,'',0,1300,4,'',0,12200,,'',0,5300,4,'',0,10700,,'',0,1300,4,'',0,10700,,'',0,1300,4,'',0
'EKT2309-2309SU-Sunday-20',301,110100,,'',0,1300,4,'',0,10700,,'',0,1300,4,'',0,12200,,'',0,5300,4,'',0,10700,,'',0,1300,4,'',0,10700,,'',0,1300,4,'',0
'EKT2309-2309WK-Weekday-06',301,73500,,'',0,1400,4,'',0,6100,,'',0,1400,4,'',0,1000,,'',0,1400,4,'',0,6600,,'',0,1400,4,'',0,9300,,'',0,1400,4,'',0,7900,,'',0,1400,4,'',0,8600,,'',0,1400,4,'',0,8600,,'',0,1400,4,'',0,8600,,'',0,1400,4,'',0,8600,,'',0,1400,4,'',0,2600,,'',0,5400,4,'',0,4600,,'',0,5400,4,'',0,4700,,'',0,5400,4,'',0
'EKT2309-2309WK-Weekday-06-0000100',301,184100,,'',0,1400,4,'',0
'EKT2309-2309WK-Weekday-11',301,73500,,'',0,1400,4,'',0,6100,,'',0,1400,4,'',0,1000,,'',0,1400,4,'',0,6600,,'',0,1400,4,'',0,9300,,'',0,1400,4,'',0,7900,,'',0,1400,4,'',0,8600,,'',0,1400,4,'',0,8600,,'',0,1400,4,'',0,8600,,'',0,1400,4,'',0,8600,,'',0,1400,4,'',0,2600,,'',0,5400,4,'',0,4600,,'',0,5400,4,'',0,4700,,'',0,5400,4,'',0
'EKT2309-2309WK-Weekday-11-0000100',301,184100,,'',0,1400,4,'',0
'EKT2309-2309WK-Weekday-20',301,73500,,'',0,1400,4,'',0,6100,,'',0,1400,4,'',0,1000,,'',0,1400,4,'',0,6600,,'',0,1400,4,'',0,9300,,'',0,1400,4,'',0,7900,,'',0,1400,4,'',0,8600,,'',0,1400,4,'',0,8600,,'',0,1400,4,'',0,8600,,'',0,1400,4,'',0,8600,,'',0,1400,4,'',0,2600,,'',0,5400,4,'',0,4600,,'',0,5400,4,'',0,4700,,'',0,5400,4,'',0
'EKT2309-2309WK-Weekday-20-0000100',301,184100,,'',0,1400,4,'',0
'EKT2309-2309WK-Weekday-21',301,73500,,'',0,1400,4,'',0,6100,,'',0,1400,4,'',0,1000,,'',0,1400,4,'',0,6600,,'',0,1400,4,'',0,9300,,'',0,1400,4,'',0,7900,,'',0,1400,4,'',0,8600,,'',0,1400,4,'',0,8600,,'',0,1400,4,'',0,8600,,'',0,1400,4,'',0,8600,,'',0,1400,4,'',0,2600,,'',0,5400,4,'',0,4600,,'',0,5400,4,'',0,4700,,'',0,5400,4,'',0
'EKT2309-2309WK-Weekday-21-0000100',301,184100,,'',0,1400,4,'',0
'EKT2309-2309WK-Weekday-06',400,73000,,'',0,40000,,'',0,28000,,'',0,32000,,'',0
'EKT2309-2309WK-Weekday-06',401,80600,4,'',0,40000,4,'',0,24000,4,'',0,36000,4,'',0
'EKT2309-2309WK-Weekday-11',400,73000,,'',0,40000,,'',0,28000,,'',0,32000,,'',0
'EKT2309-2309WK-Weekday-11',401,80600,4,'',0,40000,4,'',0,24000,4,'',0,36000,4,'',0
'EKT2309-2309WK-Weekday-20',400,73000,,'',0,40000,,'',0,28000,,'',0,32000,,'',0
'EKT2309-2309WK-Weekday-20',401,80600,4,'',0,40000,4,'',0,24000,4,'',0,36000,4,'',0
'EKT2309-2309WK-Weekday-21',400,73000,,'',0,40000,,'',0,28000,,'',0,32000,,'',0
'EKT2309-2309WK-Weekday-21',401,80600,4,'',0,40000,4,'',0,24000,4,'',0,36000,4,'',0
'EKT2309-2309SA-Saturday-01',500,93000,,'',0,1500,4,'',0,8500,,'',0,1500,4,'',0,6500,,'',0,1500,4,'',0,2500,,'',0,5500,4,'',0,2500,,'',0,1500,4,'',0,6500,,'',0,1500,4,'',0,2500,,'',0,5500,4,'',0,2500,,'',0,1500,4,'',0,6500,,'',0,1500,4,'',0,2500,,'',0,5500,4,'',0,2500,,'',0,1500,4,'',0,8800,,'',0,1500,4,'',0,8700,,'',0,1500,4,'',0
'EKT2309-2309SA-Saturday-20',500,93000,,'',0,1500,4,'',0,8500,,'',0,1500,4,'',0,6500,,'',0,1500,4,'',0,2500,,'',0,5500,4,'',0,2500,,'',0,1500,4,'',0,6500,,'',0,1500,4,'',0,2500,,'',0,5500,4,'',0,2500,,'',0,1500,4,'',0,6500,,'',0,1500,4,'',0,2500,,'',0,5500,4,'',0,2500,,'',0,1500,4,'',0,8800,,'',0,1500,4,'',0,8700,,'',0,1500,4,'',0
'EKT2309-2309SA-Saturday-31',500,94500,,'',0,5500,4,'',0,5000,,'',0,5500,4,'',0,10000,,'',0,1500,4,'',0,13400,,'',0,5500,4,'',0,10500,,'',0,1500,4,'',0,10500,,'',0,1500,4,'',0,7600,,'',0,1500,4,'',0
'EKT2309-2309SU-Sunday-01',500,94500,,'',0,5500,4,'',0,5000,,'',0,5500,4,'',0,10000,,'',0,1500,4,'',0,13400,,'',0,5500,4,'',0,10500,,'',0,1500,4,'',0,10500,,'',0,1500,4,'',0,7600,,'',0,1500,4,'',0
'EKT2309-2309SU-Sunday-20',500,94500,,'',0,5500,4,'',0,5000,,'',0,5500,4,'',0,10000,,'',0,1500,4,'',0,13400,,'',0,5500,4,'',0,10500,,'',0,1500,4,'',0,10500,,'',0,1500,4,'',0,7600,,'',0,1500,4,'',0
'EKT2309-2309WK-Weekday-06',500,75300,,'',0,5500,4,'',0,2500,,'',0,1500,4,'',0,200,,'',0,5500,4,'',0,500,,'',0,1500,4,'',0,800,,'',0,1500,4,'',0,200,,'',0,5500,4,'',0,2500,,'',0,1500,4,'',0,6500,,'',0,1500,4,'',0,2500,,'',0,5500,4,'',0,2500,,'',0,1500,4,'',0,6500,,'',0,1500,4,'',0,2500,,'',0,5500,4,'',0,2500,,'',0,1500,4,'',0,500,,'',0,5500,4,'',0,500,,'',0,1500,4,'',0,500,,'',0,1500,4,'',0,500,,'',0,5500,4,'',0,500,,'',0,1500,4,'',0,800,,'',0,1500,4,'',0,500,,'',0,5500,4,'',0,200,,'',0,1500,4,'',0,500,,'',0,1500,4,'',0,6500,,'',0,1500,4,'',0
'EKT2309-2309WK-Weekday-06-0000100',500,185500,,'',0,5500,4,'',0
'EKT2309-2309WK-Weekday-11',500,75300,,'',0,5500,4,'',0,2500,,'',0,1500,4,'',0,200,,'',0,5500,4,'',0,500,,'',0,1500,4,'',0,800,,'',0,1500,4,'',0,200,,'',0,5500,4,'',0,2500,,'',0,1500,4,'',0,6500,,'',0,1500,4,'',0,2500,,'',0,5500,4,'',0,2500,,'',0,1500,4,'',0,6500,,'',0,1500,4,'',0,2500,,'',0,5500,4,'',0,2500,,'',0,1500,4,'',0,500,,'',0,5500,4,'',0,500,,'',0,1500,4,'',0,500,,'',0,1500,4,'',0,500,,'',0,5500,4,'',0,500,,'',0,1500,4,'',0,800,,'',0,1500,4,'',0,500,,'',0,5500,4,'',0,200,,'',0,1500,4,'',0,500,,'',0,1500,4,'',0,6500,,'',0,1500,4,'',0
'EKT2309-2309WK-Weekday-11-0000100',500,185500,,'',0,5500,4,'',0
'EKT2309-2309WK-Weekday-20',500,75300,,'',0,5500,4,'',0,2500,,'',0,1500,4,'',0,200,,'',0,5500,4,'',0,500,,'',0,1500,4,'',0,800,,'',0,1500,4,'',0,200,,'',0,5500,4,'',0,2500,,'',0,1500,4,'',0,6500,,'',0,1500,4,'',0,2500,,'',0,5500,4,'',0,2500,,'',0,1500,4,'',0,6500,,'',0,1500,4,'',0,2500,,'',0,5500,4,'',0,2500,,'',0,1500,4,'',0,500,,'',0,5500,4,'',0,500,,'',0,1500,4,'',0,500,,'',0,1500,4,'',0,500,,'',0,5500,4,'',0,500,,'',0,1500,4,'',0,800,,'',0,1500,4,'',0,500,,'',0,5500,4,'',0,200,,'',0,1500,4,'',0,500,,'',0,1500,4,'',0,6500,,'',0,1500,4,'',0
'EKT2309-2309WK-Weekday-20-0000100',500,185500,,'',0,5500,4,'',0
'EKT2309-2309WK-Weekday-21',500,75300,,'',0,5500,4,'',0,2500,,'',0,1500,4,'',0,200,,'',0,5500,4,'',0,500,,'',0,1500,4,'',0,800,,'',0,1500,4,'',0,200,,'',0,5500,4,'',0,2500,,'',0,1500,4,'',0,6500,,'',0,1500,4,'',0,2500,,'',0,5500,4,'',0,2500,,'',0,1500,4,'',0,6500,,'',0,1500,4,'',0,2500,,'',0,5500,4,'',0,2500,,'',0,1500,4,'',0,500,,'',0,5500,4,'',0,500,,'',0,1500,4,'',0,500,,'',0,1500,4,'',0,500,,'',0,5500,4,'',0,500,,'',0,1500,4,'',0,800,,'',0,1500,4,'',0,500,,'',0,5500,4,'',0,200,,'',0,1500,4,'',0,500,,'',0,1500,4,'',0,6500,,'',0,1500,4,'',0
'EKT2309-2309WK-Weekday-21-0000100',500,185500,,'',0,5500,4,'',0
'EKT2309-2309SA-Saturday-01',700,100000,,'',0,1300,4,'',0,3700,,'',0,5300,4,'',0,4700,,'',0,5300,4,'',0,4700,,'',0,5300,4,'',0,4700,,'',0,5300,4,'',0,4700,,'',0,5300,4,'',0,4700,,'',0,5300,4,'',0,4700,,'',0,5300,4,'',0,4700,,'',0,5300,4,'',0,4700,,'',0,5300,4,'',0,3900,,'',0,1300,4,'',0,8700,,'',0,1300,4,'',0
'EKT2309-2309SA-Saturday-20',700,100000,,'',0,1300,4,'',0,3700,,'',0,5300,4,'',0,4700,,'',0,5300,4,'',0,4700,,'',0,5300,4,'',0,4700,,'',0,5300,4,'',0,4700,,'',0,5300,4,'',0,4700,,'',0,5300,4,'',0,4700,,'',0,5300,4,'',0,4700,,'',0,5300,4,'',0,4700,,'',0,5300,4,'',0,3900,,'',0,1300,4,'',0,8700,,'',0,1300,4,'',0
'EKT2309-2309SA-Saturday-31',700,103500,,'',0,1300,4,'',0,10200,,'',0,5300,4,'',0,10500,,'',0,1300,4,'',0,12400,,'',0,1300,4,'',0,14700,,'',0,1300,4,'',0,10700,,'',0,1300,4,'',0
'EKT2309-2309SU-Sunday-01',700,103500,,'',0,1300,4,'',0,10200,,'',0,5300,4,'',0,10500,,'',0,1300,4,'',0,12400,,'',0,1300,4,'',0,14700,,'',0,1300,4,'',0,10700,,'',0,1300,4,'',0
'EKT2309-2309SU-Sunday-20',700,103500,,'',0,1300,4,'',0,10200,,'',0,5300,4,'',0,10500,,'',0,1300,4,'',0,12400,,'',0,1300,4,'',0,14700,,'',0,1300,4,'',0,10700,,'',0,1300,4,'',0
'EKT2309-2309WK-Weekday-06',700,75300,,'',0,5400,4,'',0,300,,'',0,1400,4,'',0,2600,,'',0,5400,4,'',0,4600,,'',0,5400,4,'',0,5000,,'',0,5400,4,'',0,4200,,'',0,5400,4,'',0,4600,,'',0,5400,4,'',0,4600,,'',0,5400,4,'',0,4600,,'',0,5400,4,'',0,2600,,'',0,1400,4,'',0,6600,,'',0,1400,4,'',0,2900,,'',0,5400,4,'',0,3400,,'',0,1400,4,'',0
'EKT2309-2309WK-Weekday-06-0000100',700,184100,,'',0,1400,4,'',0,8600,,'',0,1400,4,'',0,8600,,'',0,1400,4,'',0
'EKT2309-2309WK-Weekday-11',700,75300,,'',0,5400,4,'',0,300,,'',0,1400,4,'',0,2600,,'',0,5400,4,'',0,4600,,'',0,5400,4,'',0,5000,,'',0,5400,4,'',0,4200,,'',0,5400,4,'',0,4600,,'',0,5400,4,'',0,4600,,'',0,5400,4,'',0,4600,,'',0,5400,4,'',0,2600,,'',0,1400,4,'',0,6600,,'',0,1400,4,'',0,2900,,'',0,5400,4,'',0,3400,,'',0,1400,4,'',0
'EKT2309-2309WK-Weekday-11-0000100',700,184100,,'',0,1400,4,'',0,8600,,'',0,1400,4,'',0,8600,,'',0,1400,4,'',0
'EKT2309-2309WK-Weekday-20',700,75300,,'',0,5400,4,'',0,300,,'',0,1400,4,'',0,2600,,'',0,5400,4,'',0,4600,,'',0,5400,4,'',0,5000,,'',0,5400,4,'',0,4200,,'',0,5400,4,'',0,4600,,'',0,5400,4,'',0,4600,,'',0,5400,4,'',0,4600,,'',0,5400,4,'',0,2600,,'',0,1400,4,'',0,6600,,'',0,1400,4,'',0,2900,,'',0,5400,4,'',0,3400,,'',0,1400,4,'',0
'EKT2309-2309WK-Weekday-20-0000100',700,184100,,'',0,1400,4,'',0,8600,,'',0,1400,4,'',0,8600,,'',0,1400,4,'',0
'EKT2309-2309WK-Weekday-21',700,75300,,'',0,5400,4,'',0,300,,'',0,1400,4,'',0,2600,,'',0,5400,4,'',0,4600,,'',0,5400,4,'',0,5000,,'',0,5400,4,'',0,4200,,'',0,5400,4,'',0,4600,,'',0,5400,4,'',0,4600,,'',0,5400,4,'',0,4600,,'',0,5400,4,'',0,2600,,'',0,1400,4,'',0,6600,,'',0,1400,4,'',0,2900,,'',0,5400,4,'',0,3400,,'',0,1400,4,'',0
'EKT2309-2309WK-Weekday-21-0000100',700,184100,,'',0,1400,4,'',0,8600,,'',0,1400,4,'',0,8600,,'',0,1400,4,'',0
'EKT2309-2309SA-Saturday-01',1401,91500,,'',0,1500,4,'',0,2500,,'',0,5500,4,'',0,4300,,'',0,5500,4,'',0,2500,,'',0,1500,4,'',0,6500,,'',0,1500,4,'',0,2500,,'',0,5500,4,'',0,2500,,'',0,1500,4,'',0,6500,,'',0,1500,4,'',0,2500,,'',0,5500,4,'',0,2500,,'',0,1500,4,'',0,6500,,'',0,1500,4,'',0,2000,,'',0,5500,4,'',0,4700,,'',0,5500,4,'',0,4800,,'',0,5500,4,'',0,4700,,'',0,5500,4,'',0,4500,,'',0,5500,4,'',0
'EKT2309-2309SA-Saturday-20',1401,91500,,'',0,1500,4,'',0,2500,,'',0,5500,4,'',0,4300,,'',0,5500,4,'',0,2500,,'',0,1500,4,'',0,6500,,'',0,1500,4,'',0,2500,,'',0,5500,4,'',0,2500,,'',0,1500,4,'',0,6500,,'',0,1500,4,'',0,2500,,'',0,5500,4,'',0,2500,,'',0,1500,4,'',0,6500,,'',0,1500,4,'',0,2000,,'',0,5500,4,'',0,4700,,'',0,5500,4,'',0,4800,,'',0,5500,4,'',0,4700,,'',0,5500,4,'',0,4500,,'',0,5500,4,'',0
'EKT2309-2309SA-Saturday-31',1401,101500,,'',0,1500,4,'',0,10100,,'',0,1500,4,'',0,10500,,'',0,5500,4,'',0,12000,,'',0,1500,4,'',0,10500,,'',0,5500,4,'',0,10500,,'',0,1500,4,'',0
'EKT2309-2309SU-Sunday-01',1401,101500,,'',0,1500,4,'',0,10100,,'',0,1500,4,'',0,10500,,'',0,5500,4,'',0,12000,,'',0,1500,4,'',0,10500,,'',0,5500,4,'',0,10500,,'',0,1500,4,'',0
'EKT2309-2309SU-Sunday-20',1401,101500,,'',0,1500,4,'',0,10100,,'',0,1500,4,'',0,10500,,'',0,5500,4,'',0,12000,,'',0,1500,4,'',0,10500,,'',0,5500,4,'',0,10500,,'',0,1500,4,'',0
'EKT2309-2309WK-Weekday-06',1401,73500,,'',0,1500,4,'',0,6000,,'',0,1600,4,'',0,2400,,'',0,5500,4,'',0,2800,,'',0,1500,4,'',0,6500,,'',0,1500,4,'',0,2500,,'',0,5500,4,'',0,2500,,'',0,1500,4,'',0,6500,,'',0,1500,4,'',0,2500,,'',0,5500,4,'',0,2500,,'',0,1500,4,'',0,6500,,'',0,1500,4,'',0,2200,,'',0,5500,4,'',0,2500,,'',0,1500,4,'',0,8500,,'',0,1500,4,'',0,6800,,'',0,1500,4,'',0,10200,,'',0,1500,4,'',0
'EKT2309-2309WK-Weekday-06-0000100',1401,191000,,'',0,1500,4,'',0,3000,,'',0,5500,4,'',0,4500,,'',0,5500,4,'',0
'EKT2309-2309WK-Weekday-11',1401,73500,,'',0,1500,4,'',0,6000,,'',0,1500,4,'',0,2500,,'',0,5500,4,'',0,2800,,'',0,1500,4,'',0,6500,,'',0,1500,4,'',0,2500,,'',0,5500,4,'',0,2500,,'',0,1500,4,'',0,6500,,'',0,1500,4,'',0,2500,,'',0,5500,4,'',0,2500,,'',0,1500,4,'',0,6500,,'',0,1500,4,'',0,2200,,'',0,5500,4,'',0,2500,,'',0,1500,4,'',0,8500,,'',0,1500,4,'',0,6800,,'',0,1500,4,'',0,10200,,'',0,1500,4,'',0
'EKT2309-2309WK-Weekday-11-0000100',1401,191000,,'',0,1500,4,'',0,3000,,'',0,5500,4,'',0,4500,,'',0,5500,4,'',0
'EKT2309-2309WK-Weekday-20',1401,73500,,'',0,1500,4,'',0,6000,,'',0,1600,4,'',0,2400,,'',0,5500,4,'',0,2800,,'',0,1500,4,'',0,6500,,'',0,1500,4,'',0,2500,,'',0,5500,4,'',0,2500,,'',0,1500,4,'',0,6500,,'',0,1500,4,'',0,2500,,'',0,5500,4,'',0,2500,,'',0,1500,4,'',0,6500,,'',0,1500,4,'',0,2200,,'',0,5500,4,'',0,2500,,'',0,1500,4,'',0,8500,,'',0,1500,4,'',0,6800,,'',0,1500,4,'',0,10200,,'',0,1500,4,'',0
'EKT2309-2309WK-Weekday-20-0000100',1401,191000,,'',0,1500,4,'',0,3000,,'',0,5500,4,'',0,4500,,'',0,5500,4,'',0
'EKT2309-2309WK-Weekday-21',1401,73500,,'',0,1500,4,'',0,6000,,'',0,1500,4,'',0,2500,,'',0,5500,4,'',0,2800,,'',0,1500,4,'',0,6500,,'',0,1500,4,'',0,2500,,'',0,5500,4,'',0,2500,,'',0,1500,4,'',0,6500,,'',0,1500,4,'',0,2500,,'',0,5500,4,'',0,2500,,'',0,1500,4,'',0,6500,,'',0,1500,4,'',0,2200,,'',0,5500,4,'',0,2500,,'',0,1500,4,'',0,8500,,'',0,1500,4,'',0,6800,,'',0,1500,4,'',0,10200,,'',0,1500,4,'',0
'EKT2309-2309WK-Weekday-21-0000100',1401,191000,,'',0,1500,4,'',0,3000,,'',0,5500,4,'',0,4500,,'',0,5500,4,'',0
