1401,'4159',1022,,863,17,,,0,116,,864,17,,,0,120,,865,17,,,0,175,,866,17,,,0,120,,867,17,,,0,160,,868,17,,,0
1401,'4614',742,,871,17,,,0,75,,877,17,,,0,40,,878,17,,,0,83,,872,17,,,0,80,,879,17,,,0,80,,873,17,,,0,40,,875,17,,,0,80,,874,17,,,0,120,,869,17,,,0,297,,876,17,,,0,200,,870,17,,,0
1401,'4616',922,,894,17,,,0,80,,884,17,,,0,98,,895,17,,,0,40,,885,17,,,0,80,,886,17,,,0,80,,887,17,,,0,40,,880,17,,,0,80,,881,17,,,0,80,,882,17,,,0,40,,893,17,,,0,80,,888,17,,,0,35,,883,17,,,0,102,,889,17,,,0,143,,890,17,,,0,102,,891,17,,,0,100,,892,17,,,0
1401,'4619',1300,,901,17,,,0,120,,902,17,,,0,37,,896,17,,,0,80,,897,17,,,0,183,,898,17,,,0,197,,903,17,,,0,85,,899,17,,,0,100,,900,17,,,0
1401,'4623',1300,,1383,17,,,0,120,,1384,17,,,0,37,,1378,17,,,0,80,,1379,17,,,0,183,,1380,17,,,0,197,,1385,17,,,0,85,,1381,17,,,0,100,,1382,17,,,0
1401,'4931',1300,,915,17,,,0,120,,916,17,,,0,37,,912,17,,,0,80,,913,17,,,0,183,,914,17,,,0
1401,'5087',742,,1388,17,,,0,75,,1394,17,,,0,40,,1395,17,,,0,83,,1389,17,,,0,80,,1396,17,,,0,80,,1390,17,,,0,40,,1392,17,,,0,80,,1391,17,,,0,120,,1386,17,,,0,297,,1393,17,,,0,200,,1387,17,,,0
1401,'5088',1300,,1400,17,,,0,120,,1401,17,,,0,37,,1397,17,,,0,80,,1398,17,,,0,183,,1399,17,,,0
1401,'5284',922,,1416,17,,,0,80,,1406,17,,,0,98,,1417,17,,,0,40,,1407,17,,,0,80,,1408,17,,,0,80,,1409,17,,,0,40,,1402,17,,,0,80,,1403,17,,,0,80,,1404,17,,,0,40,,1415,17,,,0,80,,1410,17,,,0,35,,1405,17,,,0,102,,1411,17,,,0,143,,1412,17,,,0,102,,1413,17,,,0,100,,1414,17,,,0
1401,'5285',1022,,1418,17,,,0,116,,1419,17,,,0,120,,1420,17,,,0,175,,1421,17,,,0,120,,1422,17,,,0,160,,1423,17,,,0
1401,'5287',742,,1426,17,,,0,75,,1432,17,,,0,40,,1433,17,,,0,83,,1427,17,,,0,80,,1434,17,,,0,80,,1428,17,,,0,40,,1430,17,,,0,80,,1429,17,,,0,120,,1424,17,,,0,297,,1431,17,,,0,200,,1425,17,,,0
1401,'5288',1300,,1438,17,,,0,120,,1439,17,,,0,37,,1435,17,,,0,80,,1436,17,,,0,183,,1437,17,,,0
1401,'5298',1300,,1445,17,,,0,120,,1446,17,,,0,37,,1440,17,,,0,80,,1441,17,,,0,183,,1442,17,,,0,197,,1447,17,,,0,85,,1443,17,,,0,100,,1444,17,,,0
