101,'4159',1009,,543,12,,,0,35,,535,12,,,0,81,,544,12,,,0,79,,536,12,,,0,41,,537,12,,,0,94,,538,12,,,0,81,,539,12,,,0,39,,545,12,,,0,81,,540,12,,,0,77,,546,12,,,0,83,,541,12,,,0,49,,542,12,,,0
101,'4614',729,,557,12,,,0,90,,554,12,,,0,40,,558,12,,,0,100,,559,12,,,0,60,,551,12,,,0,40,,555,12,,,0,80,,560,12,,,0,80,,556,12,,,0,40,,552,12,,,0,160,,547,12,,,0,40,,548,12,,,0,70,,553,12,,,0,30,,549,12,,,0,160,,550,12,,,0
101,'4616',939,,574,12,,,0,85,,575,12,,,0,35,,568,12,,,0,85,,576,12,,,0,80,,561,12,,,0,35,,562,12,,,0,85,,569,12,,,0,80,,563,12,,,0,80,,564,12,,,0,40,,565,12,,,0,75,,573,12,,,0,95,,566,12,,,0,102,,567,12,,,0,103,,570,12,,,0,100,,571,12,,,0,100,,572,12,,,0
101,'4619',1339,,581,12,,,0,300,,577,12,,,0,180,,582,12,,,0,100,,578,12,,,0,100,,579,12,,,0,100,,580,12,,,0
101,'4623',1339,,1054,12,,,0,300,,1050,12,,,0,180,,1055,12,,,0,100,,1051,12,,,0,100,,1052,12,,,0,100,,1053,12,,,0
101,'4931',1339,,590,12,,,0,300,,589,12,,,0,180,,591,12,,,0
101,'5087',729,,1066,12,,,0,90,,1063,12,,,0,40,,1067,12,,,0,100,,1068,12,,,0,60,,1060,12,,,0,40,,1064,12,,,0,80,,1069,12,,,0,80,,1065,12,,,0,40,,1061,12,,,0,160,,1056,12,,,0,40,,1057,12,,,0,70,,1062,12,,,0,30,,1058,12,,,0,160,,1059,12,,,0
101,'5088',1339,,1071,12,,,0,300,,1070,12,,,0,180,,1072,12,,,0
101,'5284',939,,1086,12,,,0,85,,1087,12,,,0,35,,1080,12,,,0,85,,1088,12,,,0,80,,1073,12,,,0,35,,1074,12,,,0,85,,1081,12,,,0,80,,1075,12,,,0,80,,1076,12,,,0,40,,1077,12,,,0,75,,1085,12,,,0,95,,1078,12,,,0,102,,1079,12,,,0,103,,1082,12,,,0,100,,1083,12,,,0,100,,1084,12,,,0
101,'5285',1009,,1097,12,,,0,35,,1089,12,,,0,81,,1098,12,,,0,79,,1090,12,,,0,41,,1091,12,,,0,94,,1092,12,,,0,81,,1093,12,,,0,39,,1099,12,,,0,81,,1094,12,,,0,77,,1100,12,,,0,83,,1095,12,,,0,49,,1096,12,,,0
101,'5287',729,,1111,12,,,0,90,,1108,12,,,0,40,,1112,12,,,0,100,,1113,12,,,0,60,,1105,12,,,0,40,,1109,12,,,0,80,,1114,12,,,0,80,,1110,12,,,0,40,,1106,12,,,0,160,,1101,12,,,0,40,,1102,12,,,0,70,,1107,12,,,0,30,,1103,12,,,0,160,,1104,12,,,0
101,'5288',1339,,1116,12,,,0,300,,1115,12,,,0,180,,1117,12,,,0
101,'5298',1339,,1122,12,,,0,300,,1118,12,,,0,180,,1123,12,,,0,100,,1119,12,,,0,100,,1120,12,,,0,100,,1121,12,,,0
