200,'4159',1006,,609,16,,,0,116,,610,16,,,0,120,,611,16,,,0,175,,612,16,,,0,120,,613,16,,,0,120,,614,16,,,0
200,'4614',800,,616,16,,,0,40,,617,16,,,0,100,,620,16,,,0,104,,622,16,,,0,96,,621,16,,,0,100,,618,16,,,0,100,,619,16,,,0,462,,615,16,,,0
200,'4616',1036,,623,16,,,0,100,,624,16,,,0,100,,631,16,,,0,105,,625,16,,,0,95,,630,16,,,0,105,,629,16,,,0,95,,626,16,,,0,105,,627,16,,,0,100,,628,16,,,0
200,'4619',1437,,632,16,,,0,120,,633,16,,,0,85,,634,16,,,0,75,,635,16,,,0,185,,636,16,,,0
200,'4623',1437,,1124,16,,,0,120,,1125,16,,,0,85,,1126,16,,,0,75,,1127,16,,,0,185,,1128,16,,,0
200,'4931',1437,,642,16,,,0,120,,643,16,,,0,85,,644,16,,,0,75,,645,16,,,0
200,'5087',800,,1130,16,,,0,40,,1131,16,,,0,100,,1134,16,,,0,104,,1136,16,,,0,96,,1135,16,,,0,100,,1132,16,,,0,100,,1133,16,,,0,462,,1129,16,,,0
200,'5088',1437,,1137,16,,,0,120,,1138,16,,,0,85,,1139,16,,,0,75,,1140,16,,,0
200,'5284',1036,,1141,16,,,0,100,,1142,16,,,0,100,,1149,16,,,0,105,,1143,16,,,0,95,,1148,16,,,0,105,,1147,16,,,0,95,,1144,16,,,0,105,,1145,16,,,0,100,,1146,16,,,0
200,'5285',1006,,1150,16,,,0,116,,1151,16,,,0,120,,1152,16,,,0,175,,1153,16,,,0,120,,1154,16,,,0,120,,1155,16,,,0
200,'5287',800,,1157,16,,,0,40,,1158,16,,,0,100,,1161,16,,,0,104,,1163,16,,,0,96,,1162,16,,,0,100,,1159,16,,,0,100,,1160,16,,,0,462,,1156,16,,,0
200,'5288',1437,,1164,16,,,0,120,,1165,16,,,0,85,,1166,16,,,0,75,,1167,16,,,0
200,'5298',1437,,1168,16,,,0,120,,1169,16,,,0,85,,1170,16,,,0,75,,1171,16,,,0,185,,1172,16,,,0
