1401,'4159',1016,,863,4,,,0,116,,864,4,,,0,120,,865,4,,,0,175,,866,4,,,0,120,,867,4,,,0,160,,868,4,,,0
1401,'4614',736,,871,4,,,0,75,,877,4,,,0,40,,878,4,,,0,83,,872,4,,,0,80,,879,4,,,0,40,,873,4,,,0,80,,875,4,,,0,80,,874,4,,,0,120,,869,4,,,0,297,,876,4,,,0,200,,870,4,,,0
1401,'4616',916,,894,4,,,0,40,,884,4,,,0,98,,895,4,,,0,80,,885,4,,,0,80,,886,4,,,0,40,,887,4,,,0,80,,880,4,,,0,80,,881,4,,,0,40,,882,4,,,0,80,,893,4,,,0,80,,888,4,,,0,35,,883,4,,,0,102,,889,4,,,0,103,,890,4,,,0,102,,891,4,,,0,100,,892,4,,,0
1401,'4619',1254,,901,4,,,0,160,,902,4,,,0,37,,896,4,,,0,80,,897,4,,,0,183,,898,4,,,0,197,,903,4,,,0,45,,899,4,,,0,100,,900,4,,,0
1401,'4623',1254,,1383,4,,,0,160,,1384,4,,,0,37,,1378,4,,,0,80,,1379,4,,,0,183,,1380,4,,,0,197,,1385,4,,,0,45,,1381,4,,,0,100,,1382,4,,,0
1401,'4931',1254,,915,4,,,0,160,,916,4,,,0,37,,912,4,,,0,80,,913,4,,,0,183,,914,4,,,0
1401,'5087',736,,1388,4,,,0,75,,1394,4,,,0,40,,1395,4,,,0,83,,1389,4,,,0,80,,1396,4,,,0,40,,1390,4,,,0,80,,1392,4,,,0,80,,1391,4,,,0,120,,1386,4,,,0,297,,1393,4,,,0,200,,1387,4,,,0
1401,'5088',1254,,1400,4,,,0,160,,1401,4,,,0,37,,1397,4,,,0,80,,1398,4,,,0,183,,1399,4,,,0
1401,'5284',916,,1416,4,,,0,40,,1406,4,,,0,98,,1417,4,,,0,80,,1407,4,,,0,80,,1408,4,,,0,40,,1409,4,,,0,80,,1402,4,,,0,80,,1403,4,,,0,40,,1404,4,,,0,80,,1415,4,,,0,80,,1410,4,,,0,35,,1405,4,,,0,102,,1411,4,,,0,103,,1412,4,,,0,102,,1413,4,,,0,100,,1414,4,,,0
1401,'5285',1016,,1418,4,,,0,116,,1419,4,,,0,120,,1420,4,,,0,175,,1421,4,,,0,120,,1422,4,,,0,160,,1423,4,,,0
1401,'5287',736,,1426,4,,,0,75,,1432,4,,,0,40,,1433,4,,,0,83,,1427,4,,,0,80,,1434,4,,,0,40,,1428,4,,,0,80,,1430,4,,,0,80,,1429,4,,,0,120,,1424,4,,,0,297,,1431,4,,,0,200,,1425,4,,,0
1401,'5288',1254,,1438,4,,,0,160,,1439,4,,,0,37,,1435,4,,,0,80,,1436,4,,,0,183,,1437,4,,,0
1401,'5298',1254,,1445,4,,,0,160,,1446,4,,,0,37,,1440,4,,,0,80,,1441,4,,,0,183,,1442,4,,,0,197,,1447,4,,,0,45,,1443,4,,,0,100,,1444,4,,,0
