200,'4159',1010,,609,21,,,0,116,,610,21,,,0,120,,611,21,,,0,175,,612,21,,,0,120,,613,21,,,0,160,,614,21,,,0
200,'4614',804,,616,21,,,0,40,,617,21,,,0,100,,620,21,,,0,104,,622,21,,,0,96,,621,21,,,0,100,,618,21,,,0,100,,619,21,,,0,462,,615,21,,,0
200,'4616',1040,,623,21,,,0,100,,624,21,,,0,100,,631,21,,,0,105,,625,21,,,0,95,,630,21,,,0,105,,629,21,,,0,95,,626,21,,,0,105,,627,21,,,0,100,,628,21,,,0
200,'4619',1441,,632,21,,,0,160,,633,21,,,0,45,,634,21,,,0,75,,635,21,,,0,185,,636,21,,,0
200,'4623',1441,,1124,21,,,0,160,,1125,21,,,0,45,,1126,21,,,0,75,,1127,21,,,0,185,,1128,21,,,0
200,'4931',1441,,642,21,,,0,160,,643,21,,,0,45,,644,21,,,0,75,,645,21,,,0
200,'5087',804,,1130,21,,,0,40,,1131,21,,,0,100,,1134,21,,,0,104,,1136,21,,,0,96,,1135,21,,,0,100,,1132,21,,,0,100,,1133,21,,,0,462,,1129,21,,,0
200,'5088',1441,,1137,21,,,0,160,,1138,21,,,0,45,,1139,21,,,0,75,,1140,21,,,0
200,'5284',1040,,1141,21,,,0,100,,1142,21,,,0,100,,1149,21,,,0,105,,1143,21,,,0,95,,1148,21,,,0,105,,1147,21,,,0,95,,1144,21,,,0,105,,1145,21,,,0,100,,1146,21,,,0
200,'5285',1010,,1150,21,,,0,116,,1151,21,,,0,120,,1152,21,,,0,175,,1153,21,,,0,120,,1154,21,,,0,160,,1155,21,,,0
200,'5287',804,,1157,21,,,0,40,,1158,21,,,0,100,,1161,21,,,0,104,,1163,21,,,0,96,,1162,21,,,0,100,,1159,21,,,0,100,,1160,21,,,0,462,,1156,21,,,0
200,'5288',1441,,1164,21,,,0,160,,1165,21,,,0,45,,1166,21,,,0,75,,1167,21,,,0
200,'5298',1441,,1168,21,,,0,160,,1169,21,,,0,45,,1170,21,,,0,75,,1171,21,,,0,185,,1172,21,,,0
1401,'4159',1026,,863,24,,,0,116,,864,24,,,0,160,,865,24,,,0,135,,866,24,,,0,120,,867,24,,,0,160,,868,24,,,0
1401,'4614',746,,871,24,,,0,75,,877,24,,,0,80,,878,24,,,0,43,,872,24,,,0,80,,879,24,,,0,80,,873,24,,,0,40,,875,24,,,0,80,,874,24,,,0,120,,869,24,,,0,297,,876,24,,,0,200,,870,24,,,0
1401,'4616',926,,894,24,,,0,80,,884,24,,,0,98,,895,24,,,0,40,,885,24,,,0,80,,886,24,,,0,80,,887,24,,,0,40,,880,24,,,0,80,,881,24,,,0,80,,882,24,,,0,40,,893,24,,,0,80,,888,24,,,0,35,,883,24,,,0,142,,889,24,,,0,103,,890,24,,,0,102,,891,24,,,0,100,,892,24,,,0
1401,'4619',1304,,901,24,,,0,120,,902,24,,,0,77,,896,24,,,0,40,,897,24,,,0,183,,898,24,,,0,197,,903,24,,,0,85,,899,24,,,0,100,,900,24,,,0
1401,'4623',1304,,1383,24,,,0,120,,1384,24,,,0,77,,1378,24,,,0,40,,1379,24,,,0,183,,1380,24,,,0,197,,1385,24,,,0,85,,1381,24,,,0,100,,1382,24,,,0
1401,'4931',1304,,915,24,,,0,120,,916,24,,,0,77,,912,24,,,0,40,,913,24,,,0,183,,914,24,,,0
1401,'5087',746,,1388,24,,,0,75,,1394,24,,,0,80,,1395,24,,,0,43,,1389,24,,,0,80,,1396,24,,,0,80,,1390,24,,,0,40,,1392,24,,,0,80,,1391,24,,,0,120,,1386,24,,,0,297,,1393,24,,,0,200,,1387,24,,,0
1401,'5088',1304,,1400,24,,,0,120,,1401,24,,,0,77,,1397,24,,,0,40,,1398,24,,,0,183,,1399,24,,,0
1401,'5284',926,,1416,24,,,0,80,,1406,24,,,0,98,,1417,24,,,0,40,,1407,24,,,0,80,,1408,24,,,0,80,,1409,24,,,0,40,,1402,24,,,0,80,,1403,24,,,0,80,,1404,24,,,0,40,,1415,24,,,0,80,,1410,24,,,0,35,,1405,24,,,0,142,,1411,24,,,0,103,,1412,24,,,0,102,,1413,24,,,0,100,,1414,24,,,0
1401,'5285',1026,,1418,24,,,0,116,,1419,24,,,0,160,,1420,24,,,0,135,,1421,24,,,0,120,,1422,24,,,0,160,,1423,24,,,0
1401,'5287',746,,1426,24,,,0,75,,1432,24,,,0,80,,1433,24,,,0,43,,1427,24,,,0,80,,1434,24,,,0,80,,1428,24,,,0,40,,1430,24,,,0,80,,1429,24,,,0,120,,1424,24,,,0,297,,1431,24,,,0,200,,1425,24,,,0
1401,'5288',1304,,1438,24,,,0,120,,1439,24,,,0,77,,1435,24,,,0,40,,1436,24,,,0,183,,1437,24,,,0
1401,'5298',1304,,1445,24,,,0,120,,1446,24,,,0,77,,1440,24,,,0,40,,1441,24,,,0,183,,1442,24,,,0,197,,1447,24,,,0,85,,1443,24,,,0,100,,1444,24,,,0
