200,'4159',1002,,609,7,,,0,116,,610,7,,,0,120,,611,7,,,0,175,,612,7,,,0,120,,613,7,,,0,120,,614,7,,,0
200,'4614',756,,616,7,,,0,80,,617,7,,,0,100,,620,7,,,0,104,,622,7,,,0,96,,621,7,,,0,100,,618,7,,,0,100,,619,7,,,0,422,,615,7,,,0
200,'4616',1032,,623,7,,,0,100,,624,7,,,0,100,,631,7,,,0,105,,625,7,,,0,95,,630,7,,,0,105,,629,7,,,0,95,,626,7,,,0,105,,627,7,,,0,100,,628,7,,,0
200,'4619',1433,,632,7,,,0,120,,633,7,,,0,85,,634,7,,,0,75,,635,7,,,0,145,,636,7,,,0
200,'4623',1433,,1124,7,,,0,120,,1125,7,,,0,85,,1126,7,,,0,75,,1127,7,,,0,145,,1128,7,,,0
200,'4931',1433,,642,7,,,0,120,,643,7,,,0,85,,644,7,,,0,75,,645,7,,,0
200,'5087',756,,1130,7,,,0,80,,1131,7,,,0,100,,1134,7,,,0,104,,1136,7,,,0,96,,1135,7,,,0,100,,1132,7,,,0,100,,1133,7,,,0,422,,1129,7,,,0
200,'5088',1433,,1137,7,,,0,120,,1138,7,,,0,85,,1139,7,,,0,75,,1140,7,,,0
200,'5284',1032,,1141,7,,,0,100,,1142,7,,,0,100,,1149,7,,,0,105,,1143,7,,,0,95,,1148,7,,,0,105,,1147,7,,,0,95,,1144,7,,,0,105,,1145,7,,,0,100,,1146,7,,,0
200,'5285',1002,,1150,7,,,0,116,,1151,7,,,0,120,,1152,7,,,0,175,,1153,7,,,0,120,,1154,7,,,0,120,,1155,7,,,0
200,'5287',756,,1157,7,,,0,80,,1158,7,,,0,100,,1161,7,,,0,104,,1163,7,,,0,96,,1162,7,,,0,100,,1159,7,,,0,100,,1160,7,,,0,422,,1156,7,,,0
200,'5288',1433,,1164,7,,,0,120,,1165,7,,,0,85,,1166,7,,,0,75,,1167,7,,,0
200,'5298',1433,,1168,7,,,0,120,,1169,7,,,0,85,,1170,7,,,0,75,,1171,7,,,0,145,,1172,7,,,0
