100,'4159',1023,,474,17,,,0,35,,467,17,,,0,81,,475,17,,,0,79,,468,17,,,0,41,,469,17,,,0,94,,470,17,,,0,81,,471,17,,,0,79,,476,17,,,0,41,,472,17,,,0,77,,477,17,,,0,83,,473,17,,,0
100,'4614',745,,488,17,,,0,96,,485,24,0,5 2 6 3 7,0,76,,489,17,,,0,100,,490,17,,,0,18,,482,17,,,0,82,,486,17,,,0,84,,491,17,,,0,36,,487,17,,,0,80,,483,17,,,0,124,,478,17,,,0,80,,479,24,0,5 2 6 3 7,0,26,,484,17,,,0,70,,480,17,,,0,120,,481,17,,,0
100,'4616',953,,504,17,,,0,85,,505,17,,,0,75,,499,17,,,0,45,,506,17,,,0,80,,492,17,,,0,75,,493,17,,,0,45,,500,17,,,0,80,,494,17,,,0,80,,495,17,,,0,40,,496,17,,,0,75,,503,17,,,0,95,,497,17,,,0,102,,498,17,,,0,103,,501,17,,,0,100,,502,17,,,0
100,'4619',1357,,510,17,,,0,300,,507,17,,,0,178,,511,17,,,0,100,,508,17,,,0,100,,509,17,,,0
100,'4623',1357,,985,17,,,0,300,,982,17,,,0,178,,986,17,,,0,100,,983,17,,,0,100,,984,17,,,0
100,'4931',1357,,518,17,,,0,300,,517,17,,,0
100,'5087',745,,997,17,,,0,96,,994,24,0,5 2 6 3 7,0,76,,998,17,,,0,100,,999,17,,,0,18,,991,17,,,0,82,,995,17,,,0,84,,1000,17,,,0,36,,996,17,,,0,80,,992,17,,,0,124,,987,17,,,0,80,,988,24,0,5 2 6 3 7,0,26,,993,17,,,0,70,,989,17,,,0,120,,990,17,,,0
100,'5088',1357,,1002,17,,,0,300,,1001,17,,,0
100,'5284',953,,1015,17,,,0,85,,1016,17,,,0,75,,1010,17,,,0,45,,1017,17,,,0,80,,1003,17,,,0,75,,1004,17,,,0,45,,1011,17,,,0,80,,1005,17,,,0,80,,1006,17,,,0,40,,1007,17,,,0,75,,1014,17,,,0,95,,1008,17,,,0,102,,1009,17,,,0,103,,1012,17,,,0,100,,1013,17,,,0
100,'5285',1023,,1025,17,,,0,35,,1018,17,,,0,81,,1026,17,,,0,79,,1019,17,,,0,41,,1020,17,,,0,94,,1021,17,,,0,81,,1022,17,,,0,79,,1027,17,,,0,41,,1023,17,,,0,77,,1028,17,,,0,83,,1024,17,,,0
100,'5287',745,,1039,17,,,0,96,,1036,24,0,5 2 6 3 7,0,76,,1040,17,,,0,100,,1041,17,,,0,18,,1033,17,,,0,82,,1037,17,,,0,84,,1042,17,,,0,36,,1038,17,,,0,80,,1034,17,,,0,124,,1029,17,,,0,80,,1030,24,0,5 2 6 3 7,0,26,,1035,17,,,0,70,,1031,17,,,0,120,,1032,17,,,0
100,'5288',1357,,1044,17,,,0,300,,1043,17,,,0
100,'5298',1357,,1048,17,,,0,300,,1045,17,,,0,178,,1049,17,,,0,100,,1046,17,,,0,100,,1047,17,,,0
401,'4614',805,,723,16,,,0,400,,721,16,,,0,240,,722,16,,,0
401,'4619',1805,,724,16,,,0
401,'4623',1805,,1236,16,,,0
401,'4931',1805,,726,16,,,0
401,'5087',805,,1239,16,,,0,400,,1237,16,,,0,240,,1238,16,,,0
401,'5088',1805,,1240,16,,,0
401,'5287',805,,1243,16,,,0,400,,1241,16,,,0,240,,1242,16,,,0
401,'5288',1805,,1244,16,,,0
401,'5298',1805,,1245,16,,,0
