101,'4159',1011,,543,15,,,0,35,,535,15,,,0,81,,544,15,,,0,79,,536,15,,,0,41,,537,15,,,0,94,,538,15,,,0,81,,539,15,,,0,79,,545,15,,,0,41,,540,15,,,0,77,,546,15,,,0,83,,541,15,,,0,49,,542,15,,,0
101,'4614',731,,557,15,,,0,90,,554,15,,,0,80,,558,15,,,0,100,,559,15,,,0,20,,551,15,,,0,80,,555,15,,,0,40,,560,15,,,0,80,,556,15,,,0,80,,552,15,,,0,120,,547,15,,,0,80,,548,15,,,0,30,,553,15,,,0,70,,549,15,,,0,120,,550,15,,,0
101,'4616',941,,574,15,,,0,85,,575,15,,,0,75,,568,15,,,0,45,,576,15,,,0,80,,561,15,,,0,75,,562,15,,,0,45,,569,15,,,0,80,,563,15,,,0,80,,564,15,,,0,40,,565,15,,,0,75,,573,15,,,0,95,,566,15,,,0,102,,567,15,,,0,103,,570,15,,,0,100,,571,15,,,0,100,,572,15,,,0
101,'4619',1341,,581,15,,,0,300,,577,15,,,0,180,,582,15,,,0,100,,578,15,,,0,100,,579,15,,,0,100,,580,15,,,0
101,'4623',1341,,1054,15,,,0,300,,1050,15,,,0,180,,1055,15,,,0,100,,1051,15,,,0,100,,1052,15,,,0,100,,1053,15,,,0
101,'4931',1341,,590,15,,,0,300,,589,15,,,0,180,,591,15,,,0
101,'5087',731,,1066,15,,,0,90,,1063,15,,,0,80,,1067,15,,,0,100,,1068,15,,,0,20,,1060,15,,,0,80,,1064,15,,,0,40,,1069,15,,,0,80,,1065,15,,,0,80,,1061,15,,,0,120,,1056,15,,,0,80,,1057,15,,,0,30,,1062,15,,,0,70,,1058,15,,,0,120,,1059,15,,,0
101,'5088',1341,,1071,15,,,0,300,,1070,15,,,0,180,,1072,15,,,0
101,'5284',941,,1086,15,,,0,85,,1087,15,,,0,75,,1080,15,,,0,45,,1088,15,,,0,80,,1073,15,,,0,75,,1074,15,,,0,45,,1081,15,,,0,80,,1075,15,,,0,80,,1076,15,,,0,40,,1077,15,,,0,75,,1085,15,,,0,95,,1078,15,,,0,102,,1079,15,,,0,103,,1082,15,,,0,100,,1083,15,,,0,100,,1084,15,,,0
101,'5285',1011,,1097,15,,,0,35,,1089,15,,,0,81,,1098,15,,,0,79,,1090,15,,,0,41,,1091,15,,,0,94,,1092,15,,,0,81,,1093,15,,,0,79,,1099,15,,,0,41,,1094,15,,,0,77,,1100,15,,,0,83,,1095,15,,,0,49,,1096,15,,,0
101,'5287',731,,1111,15,,,0,90,,1108,15,,,0,80,,1112,15,,,0,100,,1113,15,,,0,20,,1105,15,,,0,80,,1109,15,,,0,40,,1114,15,,,0,80,,1110,15,,,0,80,,1106,15,,,0,120,,1101,15,,,0,80,,1102,15,,,0,30,,1107,15,,,0,70,,1103,15,,,0,120,,1104,15,,,0
101,'5288',1341,,1116,15,,,0,300,,1115,15,,,0,180,,1117,15,,,0
101,'5298',1341,,1122,15,,,0,300,,1118,15,,,0,180,,1123,15,,,0,100,,1119,15,,,0,100,,1120,15,,,0,100,,1121,15,,,0
