1401,'4159',1020,,863,13,,,0,116,,864,13,,,0,120,,865,13,,,0,175,,866,13,,,0,120,,867,13,,,0,160,,868,13,,,0
1401,'4614',740,,871,13,,,0,75,,877,13,,,0,40,,878,13,,,0,83,,872,13,,,0,80,,879,13,,,0,40,,873,13,,,0,80,,875,13,,,0,80,,874,13,,,0,120,,869,13,,,0,297,,876,13,,,0,200,,870,13,,,0
1401,'4616',920,,894,13,,,0,80,,884,13,,,0,58,,895,13,,,0,80,,885,13,,,0,80,,886,13,,,0,40,,887,13,,,0,80,,880,13,,,0,80,,881,13,,,0,40,,882,13,,,0,80,,893,13,,,0,80,,888,13,,,0,35,,883,13,,,0,102,,889,13,,,0,103,,890,13,,,0,142,,891,13,,,0,100,,892,13,,,0
1401,'4619',1258,,901,13,,,0,160,,902,13,,,0,37,,896,13,,,0,80,,897,13,,,0,183,,898,13,,,0,197,,903,13,,,0,85,,899,13,,,0,100,,900,13,,,0
1401,'4623',1258,,1383,13,,,0,160,,1384,13,,,0,37,,1378,13,,,0,80,,1379,13,,,0,183,,1380,13,,,0,197,,1385,13,,,0,85,,1381,13,,,0,100,,1382,13,,,0
1401,'4931',1258,,915,13,,,0,160,,916,13,,,0,37,,912,13,,,0,80,,913,13,,,0,183,,914,13,,,0
1401,'5087',740,,1388,13,,,0,75,,1394,13,,,0,40,,1395,13,,,0,83,,1389,13,,,0,80,,1396,13,,,0,40,,1390,13,,,0,80,,1392,13,,,0,80,,1391,13,,,0,120,,1386,13,,,0,297,,1393,13,,,0,200,,1387,13,,,0
1401,'5088',1258,,1400,13,,,0,160,,1401,13,,,0,37,,1397,13,,,0,80,,1398,13,,,0,183,,1399,13,,,0
1401,'5284',920,,1416,13,,,0,80,,1406,13,,,0,58,,1417,13,,,0,80,,1407,13,,,0,80,,1408,13,,,0,40,,1409,13,,,0,80,,1402,13,,,0,80,,1403,13,,,0,40,,1404,13,,,0,80,,1415,13,,,0,80,,1410,13,,,0,35,,1405,13,,,0,102,,1411,13,,,0,103,,1412,13,,,0,142,,1413,13,,,0,100,,1414,13,,,0
1401,'5285',1020,,1418,13,,,0,116,,1419,13,,,0,120,,1420,13,,,0,175,,1421,13,,,0,120,,1422,13,,,0,160,,1423,13,,,0
1401,'5287',740,,1426,13,,,0,75,,1432,13,,,0,40,,1433,13,,,0,83,,1427,13,,,0,80,,1434,13,,,0,40,,1428,13,,,0,80,,1430,13,,,0,80,,1429,13,,,0,120,,1424,13,,,0,297,,1431,13,,,0,200,,1425,13,,,0
1401,'5288',1258,,1438,13,,,0,160,,1439,13,,,0,37,,1435,13,,,0,80,,1436,13,,,0,183,,1437,13,,,0
1401,'5298',1258,,1445,13,,,0,160,,1446,13,,,0,37,,1440,13,,,0,80,,1441,13,,,0,183,,1442,13,,,0,197,,1447,13,,,0,85,,1443,13,,,0,100,,1444,13,,,0
