100,'4159',1013,,474,1,,,0,35,,467,1,,,0,81,,475,1,,,0,79,,468,1,,,0,41,,469,1,,,0,94,,470,1,,,0,81,,471,1,,,0,79,,476,1,,,0,41,,472,1,,,0,77,,477,1,,,0,83,,473,1,,,0
100,'4614',734,,488,1,,,0,92,,485,1,0,5 2 6 3 7,0,80,,489,1,,,0,100,,490,1,,,0,18,,482,1,,,0,82,,486,1,,,0,44,,491,1,,,0,76,,487,1,,,0,80,,483,1,,,0,124,,478,1,,,0,76,,479,1,0,5 2 6 3 7,0,30,,484,1,,,0,70,,480,1,,,0,120,,481,1,,,0
100,'4616',943,,504,1,,,0,85,,505,1,,,0,75,,499,1,,,0,45,,506,1,,,0,80,,492,1,,,0,75,,493,1,,,0,45,,500,1,,,0,80,,494,1,,,0,80,,495,1,,,0,40,,496,1,,,0,75,,503,1,,,0,95,,497,1,,,0,102,,498,1,,,0,103,,501,1,,,0,100,,502,1,,,0
100,'4619',1346,,510,1,,,0,300,,507,1,,,0,178,,511,1,,,0,100,,508,1,,,0,100,,509,1,,,0
100,'4623',1346,,985,1,,,0,300,,982,1,,,0,178,,986,1,,,0,100,,983,1,,,0,100,,984,1,,,0
100,'4931',1346,,518,1,,,0,300,,517,1,,,0
100,'5087',734,,997,1,,,0,92,,994,1,0,5 2 6 3 7,0,80,,998,1,,,0,100,,999,1,,,0,18,,991,1,,,0,82,,995,1,,,0,44,,1000,1,,,0,76,,996,1,,,0,80,,992,1,,,0,124,,987,1,,,0,76,,988,1,0,5 2 6 3 7,0,30,,993,1,,,0,70,,989,1,,,0,120,,990,1,,,0
100,'5088',1346,,1002,1,,,0,300,,1001,1,,,0
100,'5284',943,,1015,1,,,0,85,,1016,1,,,0,75,,1010,1,,,0,45,,1017,1,,,0,80,,1003,1,,,0,75,,1004,1,,,0,45,,1011,1,,,0,80,,1005,1,,,0,80,,1006,1,,,0,40,,1007,1,,,0,75,,1014,1,,,0,95,,1008,1,,,0,102,,1009,1,,,0,103,,1012,1,,,0,100,,1013,1,,,0
100,'5285',1013,,1025,1,,,0,35,,1018,1,,,0,81,,1026,1,,,0,79,,1019,1,,,0,41,,1020,1,,,0,94,,1021,1,,,0,81,,1022,1,,,0,79,,1027,1,,,0,41,,1023,1,,,0,77,,1028,1,,,0,83,,1024,1,,,0
100,'5287',734,,1039,1,,,0,92,,1036,1,0,5 2 6 3 7,0,80,,1040,1,,,0,100,,1041,1,,,0,18,,1033,1,,,0,82,,1037,1,,,0,44,,1042,1,,,0,76,,1038,1,,,0,80,,1034,1,,,0,124,,1029,1,,,0,76,,1030,1,0,5 2 6 3 7,0,30,,1035,1,,,0,70,,1031,1,,,0,120,,1032,1,,,0
100,'5288',1346,,1044,1,,,0,300,,1043,1,,,0
100,'5298',1346,,1048,1,,,0,300,,1045,1,,,0,178,,1049,1,,,0,100,,1046,1,,,0,100,,1047,1,,,0
101,'4159',1013,,543,19,4,,0,35,,535,19,4,,0,81,,544,19,4,,0,79,,536,19,4,,0,41,,537,19,4,,0,94,,538,19,4,,0,81,,539,19,4,,0,79,,545,19,4,,0,41,,540,19,4,,0,77,,546,19,4,,0,83,,541,19,4,,0,49,,542,19,4,,0
101,'4614',734,,557,19,4,,0,90,,554,19,4,,0,80,,558,19,4,,0,100,,559,19,4,,0,20,,551,19,4,,0,80,,555,19,4,,0,40,,560,19,4,,0,80,,556,19,4,,0,80,,552,19,4,,0,120,,547,19,4,,0,80,,548,19,4,,0,30,,553,19,4,,0,70,,549,19,4,,0,120,,550,19,4,,0
101,'4616',943,,574,19,4,,0,85,,575,19,4,,0,75,,568,19,4,,0,45,,576,19,4,,0,80,,561,19,4,,0,75,,562,19,4,,0,45,,569,19,4,,0,80,,563,19,4,,0,80,,564,19,4,,0,40,,565,19,4,,0,75,,573,19,4,,0,95,,566,19,4,,0,102,,567,19,4,,0,103,,570,19,4,,0,100,,571,19,4,,0,100,,572,19,4,,0
101,'4619',1344,,581,19,4,,0,300,,577,19,4,,0,180,,582,19,4,,0,100,,578,19,4,,0,100,,579,19,4,,0,100,,580,19,4,,0
101,'4623',1344,,1054,19,4,,0,300,,1050,19,4,,0,180,,1055,19,4,,0,100,,1051,19,4,,0,100,,1052,19,4,,0,100,,1053,19,4,,0
101,'4931',1344,,590,19,4,,0,300,,589,19,4,,0,180,,591,19,4,,0
101,'5087',734,,1066,19,4,,0,90,,1063,19,4,,0,80,,1067,19,4,,0,100,,1068,19,4,,0,20,,1060,19,4,,0,80,,1064,19,4,,0,40,,1069,19,4,,0,80,,1065,19,4,,0,80,,1061,19,4,,0,120,,1056,19,4,,0,80,,1057,19,4,,0,30,,1062,19,4,,0,70,,1058,19,4,,0,120,,1059,19,4,,0
101,'5088',1344,,1071,19,4,,0,300,,1070,19,4,,0,180,,1072,19,4,,0
101,'5284',943,,1086,19,4,,0,85,,1087,19,4,,0,75,,1080,19,4,,0,45,,1088,19,4,,0,80,,1073,19,4,,0,75,,1074,19,4,,0,45,,1081,19,4,,0,80,,1075,19,4,,0,80,,1076,19,4,,0,40,,1077,19,4,,0,75,,1085,19,4,,0,95,,1078,19,4,,0,102,,1079,19,4,,0,103,,1082,19,4,,0,100,,1083,19,4,,0,100,,1084,19,4,,0
101,'5285',1013,,1097,19,4,,0,35,,1089,19,4,,0,81,,1098,19,4,,0,79,,1090,19,4,,0,41,,1091,19,4,,0,94,,1092,19,4,,0,81,,1093,19,4,,0,79,,1099,19,4,,0,41,,1094,19,4,,0,77,,1100,19,4,,0,83,,1095,19,4,,0,49,,1096,19,4,,0
101,'5287',734,,1111,19,4,,0,90,,1108,19,4,,0,80,,1112,19,4,,0,100,,1113,19,4,,0,20,,1105,19,4,,0,80,,1109,19,4,,0,40,,1114,19,4,,0,80,,1110,19,4,,0,80,,1106,19,4,,0,120,,1101,19,4,,0,80,,1102,19,4,,0,30,,1107,19,4,,0,70,,1103,19,4,,0,120,,1104,19,4,,0
101,'5288',1344,,1116,19,4,,0,300,,1115,19,4,,0,180,,1117,19,4,,0
101,'5298',1344,,1122,19,4,,0,300,,1118,19,4,,0,180,,1123,19,4,,0,100,,1119,19,4,,0,100,,1120,19,4,,0,100,,1121,19,4,,0
400,'4614',747,,713,24,4,,0,400,,711,24,4,,0,280,,712,24,4,,0
400,'4619',1747,,714,24,4,,0
400,'4623',1747,,1226,24,4,,0
400,'4931',1747,,716,24,4,,0
400,'5087',747,,1229,24,4,,0,400,,1227,24,4,,0,280,,1228,24,4,,0
400,'5088',1747,,1230,24,4,,0
400,'5287',747,,1233,24,4,,0,400,,1231,24,4,,0,280,,1232,24,4,,0
400,'5288',1747,,1234,24,4,,0
400,'5298',1747,,1235,24,4,,0
401,'4614',747,,723,1,,,0,400,,721,1,,,0,280,,722,1,,,0
401,'4619',1747,,724,1,,,0
401,'4623',1747,,1236,1,,,0
401,'4931',1747,,726,1,,,0
401,'5087',747,,1239,1,,,0,400,,1237,1,,,0,280,,1238,1,,,0
401,'5088',1747,,1240,1,,,0
401,'5287',747,,1243,1,,,0,400,,1241,1,,,0,280,,1242,1,,,0
401,'5288',1747,,1244,1,,,0
401,'5298',1747,,1245,1,,,0
