301,'4159',1110,,658,17,,,0,120,,659,17,,,0,175,,660,17,,,0,120,,661,17,,,0,120,,662,17,,,0
301,'4614',745,,665,17,,,0,75,,667,17,,,0,24,,668,17,,,0,80,,666,17,,,0,107,,669,17,,,0,93,,670,17,,,0,100,,664,17,,,0,100,,663,17,,,0
301,'4616',924,,674,17,,,0,100,,675,17,,,0,100,,671,17,,,0,100,,680,17,,,0,103,,672,17,,,0,97,,678,17,,,0,100,,679,17,,,0,100,,673,17,,,0,100,,676,17,,,0,105,,677,17,,,0
301,'4619',1424,,681,17,,,0,100,,684,17,,,0,80,,682,17,,,0,100,,685,17,,,0,101,,683,17,,,0,46,,686,17,,,0
301,'4623',1424,,1173,17,,,0,100,,1176,17,,,0,80,,1174,17,,,0,100,,1177,17,,,0,101,,1175,17,,,0,46,,1178,17,,,0
301,'4931',1424,,693,17,,,0,100,,696,17,,,0,80,,694,17,,,0,100,,697,17,,,0,101,,695,17,,,0
301,'5087',745,,1181,17,,,0,75,,1183,17,,,0,24,,1184,17,,,0,80,,1182,17,,,0,107,,1185,17,,,0,93,,1186,17,,,0,100,,1180,17,,,0,100,,1179,17,,,0
301,'5088',1424,,1187,17,,,0,100,,1190,17,,,0,80,,1188,17,,,0,100,,1191,17,,,0,101,,1189,17,,,0
301,'5284',924,,1195,17,,,0,100,,1196,17,,,0,100,,1192,17,,,0,100,,1201,17,,,0,103,,1193,17,,,0,97,,1199,17,,,0,100,,1200,17,,,0,100,,1194,17,,,0,100,,1197,17,,,0,105,,1198,17,,,0
301,'5285',1110,,1202,17,,,0,120,,1203,17,,,0,175,,1204,17,,,0,120,,1205,17,,,0,120,,1206,17,,,0
301,'5287',745,,1209,17,,,0,75,,1211,17,,,0,24,,1212,17,,,0,80,,1210,17,,,0,107,,1213,17,,,0,93,,1214,17,,,0,100,,1208,17,,,0,100,,1207,17,,,0
301,'5288',1424,,1215,17,,,0,100,,1218,17,,,0,80,,1216,17,,,0,100,,1219,17,,,0,101,,1217,17,,,0
301,'5298',1424,,1220,17,,,0,100,,1223,17,,,0,80,,1221,17,,,0,100,,1224,17,,,0,101,,1222,17,,,0,46,,1225,17,,,0
