700,'4159',1038,,810,7,,,0,115,,811,7,,,0,158,,812,7,,,0,137,,807,7,,,0,160,,808,7,,,0,120,,809,7,,,0
700,'4614',756,,819,7,,,0,57,,814,7,,,0,40,,815,7,,,0,100,,820,7,,,0,104,,822,7,,,0,96,,821,7,,,0,100,,816,7,,,0,100,,817,7,,,0,303,,818,7,,,0,88,,813,7,,,0
700,'4616',1003,,833,7,,,0,50,,823,7,,,0,100,,824,7,,,0,100,,834,7,,,0,100,,825,7,,,0,100,,831,7,,,0,100,,832,7,,,0,100,,828,7,,,0,100,,826,7,,,0,100,,827,7,,,0,92,,829,7,,,0,100,,830,7,,,0
700,'4619',1453,,839,7,,,0,80,,840,7,,,0,80,,835,7,,,0,231,,836,7,,,0,100,,837,7,,,0,100,,838,7,,,0
700,'4623',1453,,1326,7,,,0,80,,1327,7,,,0,80,,1322,7,,,0,231,,1323,7,,,0,100,,1324,7,,,0,100,,1325,7,,,0
700,'4931',1453,,848,7,,,0,80,,849,7,,,0,80,,847,7,,,0
700,'5087',756,,1334,7,,,0,57,,1329,7,,,0,40,,1330,7,,,0,100,,1335,7,,,0,104,,1337,7,,,0,96,,1336,7,,,0,100,,1331,7,,,0,100,,1332,7,,,0,303,,1333,7,,,0,88,,1328,7,,,0
700,'5088',1453,,1339,7,,,0,80,,1340,7,,,0,80,,1338,7,,,0
700,'5284',1003,,1351,7,,,0,50,,1341,7,,,0,100,,1342,7,,,0,100,,1352,7,,,0,100,,1343,7,,,0,100,,1349,7,,,0,100,,1350,7,,,0,100,,1346,7,,,0,100,,1344,7,,,0,100,,1345,7,,,0,92,,1347,7,,,0,100,,1348,7,,,0
700,'5285',1038,,1356,7,,,0,115,,1357,7,,,0,158,,1358,7,,,0,137,,1353,7,,,0,160,,1354,7,,,0,120,,1355,7,,,0
700,'5287',756,,1365,7,,,0,57,,1360,7,,,0,40,,1361,7,,,0,100,,1366,7,,,0,104,,1368,7,,,0,96,,1367,7,,,0,100,,1362,7,,,0,100,,1363,7,,,0,303,,1364,7,,,0,88,,1359,7,,,0
700,'5288',1453,,1370,7,,,0,80,,1371,7,,,0,80,,1369,7,,,0
700,'5298',1453,,1376,7,,,0,80,,1377,7,,,0,80,,1372,7,,,0,231,,1373,7,,,0,100,,1374,7,,,0,100,,1375,7,,,0
