200,'4159',1012,,609,25,,,0,116,,610,25,,,0,120,,611,25,,,0,175,,612,25,,,0,120,,613,25,,,0,160,,614,25,,,0
200,'4614',807,,616,25,,,0,40,,617,25,,,0,100,,620,25,,,0,104,,622,25,,,0,96,,621,25,,,0,100,,618,25,,,0,100,,619,25,,,0,462,,615,25,,,0
200,'4616',1042,,623,25,,,0,100,,624,25,,,0,100,,631,25,,,0,105,,625,25,,,0,95,,630,25,,,0,105,,629,25,,,0,95,,626,25,,,0,105,,627,25,,,0,100,,628,25,,,0
200,'4619',1444,,632,25,,,0,160,,633,25,,,0,45,,634,25,,,0,75,,635,25,,,0,185,,636,25,,,0
200,'4623',1444,,1124,25,,,0,160,,1125,25,,,0,45,,1126,25,,,0,75,,1127,25,,,0,185,,1128,25,,,0
200,'4931',1444,,642,25,,,0,160,,643,25,,,0,45,,644,25,,,0,75,,645,25,,,0
200,'5087',807,,1130,25,,,0,40,,1131,25,,,0,100,,1134,25,,,0,104,,1136,25,,,0,96,,1135,25,,,0,100,,1132,25,,,0,100,,1133,25,,,0,462,,1129,25,,,0
200,'5088',1444,,1137,25,,,0,160,,1138,25,,,0,45,,1139,25,,,0,75,,1140,25,,,0
200,'5284',1042,,1141,25,,,0,100,,1142,25,,,0,100,,1149,25,,,0,105,,1143,25,,,0,95,,1148,25,,,0,105,,1147,25,,,0,95,,1144,25,,,0,105,,1145,25,,,0,100,,1146,25,,,0
200,'5285',1012,,1150,25,,,0,116,,1151,25,,,0,120,,1152,25,,,0,175,,1153,25,,,0,120,,1154,25,,,0,160,,1155,25,,,0
200,'5287',807,,1157,25,,,0,40,,1158,25,,,0,100,,1161,25,,,0,104,,1163,25,,,0,96,,1162,25,,,0,100,,1159,25,,,0,100,,1160,25,,,0,462,,1156,25,,,0
200,'5288',1444,,1164,25,,,0,160,,1165,25,,,0,45,,1166,25,,,0,75,,1167,25,,,0
200,'5298',1444,,1168,25,,,0,160,,1169,25,,,0,45,,1170,25,,,0,75,,1171,25,,,0,185,,1172,25,,,0
301,'4159',1102,,658,2,,,0,120,,659,2,,,0,135,,660,2,,,0,160,,661,2,,,0,120,,662,2,,,0
301,'4614',736,,665,2,,,0,75,,667,2,,,0,24,,668,2,,,0,80,,666,2,,,0,107,,669,2,,,0,93,,670,2,,,0,100,,664,2,,,0,100,,663,2,,,0
301,'4616',916,,674,2,,,0,100,,675,2,,,0,100,,671,2,,,0,100,,680,2,,,0,103,,672,2,,,0,97,,678,2,,,0,100,,679,2,,,0,100,,673,2,,,0,100,,676,2,,,0,105,,677,2,,,0
301,'4619',1415,,681,2,,,0,100,,684,2,,,0,40,,682,2,,,0,100,,685,2,,,0,101,,683,2,,,0,86,,686,2,,,0
301,'4623',1415,,1173,2,,,0,100,,1176,2,,,0,40,,1174,2,,,0,100,,1177,2,,,0,101,,1175,2,,,0,86,,1178,2,,,0
301,'4931',1415,,693,2,,,0,100,,696,2,,,0,40,,694,2,,,0,100,,697,2,,,0,101,,695,2,,,0
301,'5087',736,,1181,2,,,0,75,,1183,2,,,0,24,,1184,2,,,0,80,,1182,2,,,0,107,,1185,2,,,0,93,,1186,2,,,0,100,,1180,2,,,0,100,,1179,2,,,0
301,'5088',1415,,1187,2,,,0,100,,1190,2,,,0,40,,1188,2,,,0,100,,1191,2,,,0,101,,1189,2,,,0
301,'5284',916,,1195,2,,,0,100,,1196,2,,,0,100,,1192,2,,,0,100,,1201,2,,,0,103,,1193,2,,,0,97,,1199,2,,,0,100,,1200,2,,,0,100,,1194,2,,,0,100,,1197,2,,,0,105,,1198,2,,,0
301,'5285',1102,,1202,2,,,0,120,,1203,2,,,0,135,,1204,2,,,0,160,,1205,2,,,0,120,,1206,2,,,0
301,'5287',736,,1209,2,,,0,75,,1211,2,,,0,24,,1212,2,,,0,80,,1210,2,,,0,107,,1213,2,,,0,93,,1214,2,,,0,100,,1208,2,,,0,100,,1207,2,,,0
301,'5288',1415,,1215,2,,,0,100,,1218,2,,,0,40,,1216,2,,,0,100,,1219,2,,,0,101,,1217,2,,,0
301,'5298',1415,,1220,2,,,0,100,,1223,2,,,0,40,,1221,2,,,0,100,,1224,2,,,0,101,,1222,2,,,0,86,,1225,2,,,0
500,'4159',959,,733,19,,,0,145,,734,19,,,0,115,,735,19,,,0,189,,736,19,,,0,120,,731,19,,,0,120,,732,19,,,0,91,,737,19,,,0
500,'4614',807,,755,19,,,0,40,,752,19,,,0,57,,753,19,,,0,20,,743,19,,,0,23,,756,19,,,0,57,,744,19,,,0,40,,754,19,,,0,80,,745,19,,,0,80,,747,19,,,0,40,,746,19,,,0,160,,738,19,,,0,100,,748,19,,,0,40,,739,19,,,0,60,,749,19,,,0,20,,750,19,,,0,23,,740,19,,,0,60,,741,19,,,0,17,,751,19,,,0,100,,742,19,,,0
500,'4616',944,,760,19,,,0,100,,761,19,,,0,80,,769,19,,,0,80,,762,19,,,0,40,,763,19,,,0,80,,764,19,,,0,80,,757,19,,,0,40,,758,19,,,0,80,,759,19,,,0,80,,765,19,,,0,40,,766,19,,,0,103,,767,19,,,0,102,,768,19,,,0
500,'4619',1324,,774,19,,,0,120,,770,19,,,0,80,,771,19,,,0,220,,772,19,,,0,165,,773,19,,,0
500,'4623',1324,,1250,19,,,0,120,,1246,19,,,0,80,,1247,19,,,0,220,,1248,19,,,0,165,,1249,19,,,0
500,'4931',1324,,783,19,,,0,120,,780,19,,,0,80,,781,19,,,0,220,,782,19,,,0
500,'5087',807,,1268,19,,,0,40,,1265,19,,,0,57,,1266,19,,,0,20,,1256,19,,,0,23,,1269,19,,,0,57,,1257,19,,,0,40,,1267,19,,,0,80,,1258,19,,,0,80,,1260,19,,,0,40,,1259,19,,,0,160,,1251,19,,,0,100,,1261,19,,,0,40,,1252,19,,,0,60,,1262,19,,,0,20,,1263,19,,,0,23,,1253,19,,,0,60,,1254,19,,,0,17,,1264,19,,,0,100,,1255,19,,,0
500,'5088',1324,,1273,19,,,0,120,,1270,19,,,0,80,,1271,19,,,0,220,,1272,19,,,0
500,'5284',944,,1277,19,,,0,100,,1278,19,,,0,80,,1286,19,,,0,80,,1279,19,,,0,40,,1280,19,,,0,80,,1281,19,,,0,80,,1274,19,,,0,40,,1275,19,,,0,80,,1276,19,,,0,80,,1282,19,,,0,40,,1283,19,,,0,103,,1284,19,,,0,102,,1285,19,,,0
500,'5285',959,,1289,19,,,0,145,,1290,19,,,0,115,,1291,19,,,0,189,,1292,19,,,0,120,,1287,19,,,0,120,,1288,19,,,0,91,,1293,19,,,0
500,'5287',807,,1311,19,,,0,40,,1308,19,,,0,57,,1309,19,,,0,20,,1299,19,,,0,23,,1312,19,,,0,57,,1300,19,,,0,40,,1310,19,,,0,80,,1301,19,,,0,80,,1303,19,,,0,40,,1302,19,,,0,160,,1294,19,,,0,100,,1304,19,,,0,40,,1295,19,,,0,60,,1305,19,,,0,20,,1306,19,,,0,23,,1296,19,,,0,60,,1297,19,,,0,17,,1307,19,,,0,100,,1298,19,,,0
500,'5288',1324,,1316,19,,,0,120,,1313,19,,,0,80,,1314,19,,,0,220,,1315,19,,,0
500,'5298',1324,,1321,19,,,0,120,,1317,19,,,0,80,,1318,19,,,0,220,,1319,19,,,0,165,,1320,19,,,0
700,'4159',1036,,810,2,,,0,115,,811,2,,,0,158,,812,2,,,0,137,,807,2,,,0,160,,808,2,,,0,120,,809,2,,,0
700,'4614',754,,819,2,,,0,57,,814,2,,,0,40,,815,2,,,0,100,,820,2,,,0,104,,822,2,,,0,96,,821,2,,,0,100,,816,2,,,0,100,,817,2,,,0,303,,818,2,,,0,88,,813,2,,,0
700,'4616',1001,,833,2,,,0,50,,823,2,,,0,100,,824,2,,,0,100,,834,2,,,0,100,,825,2,,,0,100,,831,2,,,0,100,,832,2,,,0,100,,828,2,,,0,100,,826,2,,,0,100,,827,2,,,0,92,,829,2,,,0,100,,830,2,,,0
700,'4619',1451,,839,2,,,0,80,,840,2,,,0,80,,835,2,,,0,231,,836,2,,,0,100,,837,2,,,0,100,,838,2,,,0
700,'4623',1451,,1326,2,,,0,80,,1327,2,,,0,80,,1322,2,,,0,231,,1323,2,,,0,100,,1324,2,,,0,100,,1325,2,,,0
700,'4931',1451,,848,2,,,0,80,,849,2,,,0,80,,847,2,,,0
700,'5087',754,,1334,2,,,0,57,,1329,2,,,0,40,,1330,2,,,0,100,,1335,2,,,0,104,,1337,2,,,0,96,,1336,2,,,0,100,,1331,2,,,0,100,,1332,2,,,0,303,,1333,2,,,0,88,,1328,2,,,0
700,'5088',1451,,1339,2,,,0,80,,1340,2,,,0,80,,1338,2,,,0
700,'5284',1001,,1351,2,,,0,50,,1341,2,,,0,100,,1342,2,,,0,100,,1352,2,,,0,100,,1343,2,,,0,100,,1349,2,,,0,100,,1350,2,,,0,100,,1346,2,,,0,100,,1344,2,,,0,100,,1345,2,,,0,92,,1347,2,,,0,100,,1348,2,,,0
700,'5285',1036,,1356,2,,,0,115,,1357,2,,,0,158,,1358,2,,,0,137,,1353,2,,,0,160,,1354,2,,,0,120,,1355,2,,,0
700,'5287',754,,1365,2,,,0,57,,1360,2,,,0,40,,1361,2,,,0,100,,1366,2,,,0,104,,1368,2,,,0,96,,1367,2,,,0,100,,1362,2,,,0,100,,1363,2,,,0,303,,1364,2,,,0,88,,1359,2,,,0
700,'5288',1451,,1370,2,,,0,80,,1371,2,,,0,80,,1369,2,,,0
700,'5298',1451,,1376,2,,,0,80,,1377,2,,,0,80,,1372,2,,,0,231,,1373,2,,,0,100,,1374,2,,,0,100,,1375,2,,,0
1401,'4159',1029,,863,28,,,0,116,,864,28,,,0,160,,865,28,,,0,135,,866,28,,,0,160,,867,28,,,0,120,,868,28,,,0
1401,'4614',749,,871,28,,,0,155,,878,28,,,0,43,,872,28,,,0,80,,879,28,,,0,80,,873,28,,,0,40,,875,28,,,0,80,,874,28,,,0,120,,869,28,,,0,297,,876,28,,,0,200,,870,28,,,0
1401,'4616',929,,894,28,,,0,80,,884,28,,,0,98,,895,28,,,0,40,,885,28,,,0,80,,886,28,,,0,80,,887,28,,,0,40,,880,28,,,0,80,,881,28,,,0,80,,882,28,,,0,40,,893,28,,,0,80,,888,28,,,0,75,,883,28,,,0,102,,889,28,,,0,103,,890,28,,,0,102,,891,28,,,0,100,,892,28,,,0
1401,'4619',1307,,901,28,,,0,120,,902,28,,,0,77,,896,28,,,0,40,,897,28,,,0,183,,898,28,,,0,197,,903,28,,,0,85,,899,28,,,0,100,,900,28,,,0
1401,'4623',1307,,1383,28,,,0,120,,1384,28,,,0,77,,1378,28,,,0,40,,1379,28,,,0,183,,1380,28,,,0,197,,1385,28,,,0,85,,1381,28,,,0,100,,1382,28,,,0
1401,'4931',1307,,915,28,,,0,120,,916,28,,,0,77,,912,28,,,0,40,,913,28,,,0,183,,914,28,,,0
1401,'5087',749,,1388,28,,,0,75,,1394,28,,,0,80,,1395,28,,,0,43,,1389,28,,,0,80,,1396,28,,,0,80,,1390,28,,,0,40,,1392,28,,,0,80,,1391,28,,,0,120,,1386,28,,,0,297,,1393,28,,,0,200,,1387,28,,,0
1401,'5088',1307,,1400,28,,,0,120,,1401,28,,,0,77,,1397,28,,,0,40,,1398,28,,,0,183,,1399,28,,,0
1401,'5284',929,,1416,28,,,0,80,,1406,28,,,0,98,,1417,28,,,0,40,,1407,28,,,0,80,,1408,28,,,0,80,,1409,28,,,0,40,,1402,28,,,0,80,,1403,28,,,0,80,,1404,28,,,0,40,,1415,28,,,0,80,,1410,28,,,0,75,,1405,28,,,0,102,,1411,28,,,0,103,,1412,28,,,0,102,,1413,28,,,0,100,,1414,28,,,0
1401,'5285',1029,,1418,28,,,0,116,,1419,28,,,0,160,,1420,28,,,0,135,,1421,28,,,0,160,,1422,28,,,0,120,,1423,28,,,0
1401,'5287',749,,1426,28,,,0,155,,1433,28,,,0,43,,1427,28,,,0,80,,1434,28,,,0,80,,1428,28,,,0,40,,1430,28,,,0,80,,1429,28,,,0,120,,1424,28,,,0,297,,1431,28,,,0,200,,1425,28,,,0
1401,'5288',1307,,1438,28,,,0,120,,1439,28,,,0,77,,1435,28,,,0,40,,1436,28,,,0,183,,1437,28,,,0
1401,'5298',1307,,1445,28,,,0,120,,1446,28,,,0,77,,1440,28,,,0,40,,1441,28,,,0,183,,1442,28,,,0,197,,1447,28,,,0,85,,1443,28,,,0,100,,1444,28,,,0
