200,'4159',1003,,609,9,,,0,116,,610,9,,,0,120,,611,9,,,0,175,,612,9,,,0,120,,613,9,,,0,120,,614,9,,,0
200,'4614',757,,616,9,,,0,80,,617,9,,,0,100,,620,9,,,0,104,,622,9,,,0,96,,621,9,,,0,100,,618,9,,,0,100,,619,9,,,0,422,,615,9,,,0
200,'4616',1033,,623,9,,,0,100,,624,9,,,0,100,,631,9,,,0,105,,625,9,,,0,95,,630,9,,,0,105,,629,9,,,0,95,,626,9,,,0,105,,627,9,,,0,100,,628,9,,,0
200,'4619',1434,,632,9,,,0,120,,633,9,,,0,85,,634,9,,,0,75,,635,9,,,0,145,,636,9,,,0
200,'4623',1434,,1124,9,,,0,120,,1125,9,,,0,85,,1126,9,,,0,75,,1127,9,,,0,145,,1128,9,,,0
200,'4931',1434,,642,9,,,0,120,,643,9,,,0,85,,644,9,,,0,75,,645,9,,,0
200,'5087',757,,1130,9,,,0,80,,1131,9,,,0,100,,1134,9,,,0,104,,1136,9,,,0,96,,1135,9,,,0,100,,1132,9,,,0,100,,1133,9,,,0,422,,1129,9,,,0
200,'5088',1434,,1137,9,,,0,120,,1138,9,,,0,85,,1139,9,,,0,75,,1140,9,,,0
200,'5284',1033,,1141,9,,,0,100,,1142,9,,,0,100,,1149,9,,,0,105,,1143,9,,,0,95,,1148,9,,,0,105,,1147,9,,,0,95,,1144,9,,,0,105,,1145,9,,,0,100,,1146,9,,,0
200,'5285',1003,,1150,9,,,0,116,,1151,9,,,0,120,,1152,9,,,0,175,,1153,9,,,0,120,,1154,9,,,0,120,,1155,9,,,0
200,'5287',757,,1157,9,,,0,80,,1158,9,,,0,100,,1161,9,,,0,104,,1163,9,,,0,96,,1162,9,,,0,100,,1159,9,,,0,100,,1160,9,,,0,422,,1156,9,,,0
200,'5288',1434,,1164,9,,,0,120,,1165,9,,,0,85,,1166,9,,,0,75,,1167,9,,,0
200,'5298',1434,,1168,9,,,0,120,,1169,9,,,0,85,,1170,9,,,0,75,,1171,9,,,0,145,,1172,9,,,0
