200,'4159',1011,,1150,24,,,0,116,,1151,24,,,0,120,,1152,24,,,0,175,,1153,24,,,0,120,,1154,24,,,0,160,,1155,24,,,0
200,'4614',806,,1157,24,,,0,40,,1158,24,,,0,100,,1161,24,,,0,104,,1163,24,,,0,96,,1162,24,,,0,100,,1159,24,,,0,100,,1160,24,,,0,462,,1156,24,,,0
200,'4616',1041,,1141,24,,,0,100,,1142,24,,,0,100,,1149,24,,,0,105,,1143,24,,,0,95,,1148,24,,,0,105,,1147,24,,,0,95,,1144,24,,,0,105,,1145,24,,,0,100,,1146,24,,,0
200,'4619',1443,,1168,24,,,0,160,,1169,24,,,0,45,,1170,24,,,0,75,,1171,24,,,0,185,,1172,24,,,0
200,'4623',1443,,1124,24,,,0,160,,1125,24,,,0,45,,1126,24,,,0,75,,1127,24,,,0,185,,1128,24,,,0
200,'4931',1443,,1164,24,,,0,160,,1165,24,,,0,45,,1166,24,,,0,75,,1167,24,,,0
200,'5087',806,,1130,24,,,0,40,,1131,24,,,0,100,,1134,24,,,0,104,,1136,24,,,0,96,,1135,24,,,0,100,,1132,24,,,0,100,,1133,24,,,0,462,,1129,24,,,0
200,'5088',1443,,1137,24,,,0,160,,1138,24,,,0,45,,1139,24,,,0,75,,1140,24,,,0
500,'4159',958,,1289,18,,,0,145,,1290,18,,,0,115,,1291,18,,,0,189,,1292,18,,,0,120,,1287,18,,,0,120,,1288,18,,,0,91,,1293,18,,,0
500,'4614',806,,1311,18,,,0,40,,1308,18,,,0,57,,1309,18,,,0,20,,1299,18,,,0,23,,1312,18,,,0,57,,1300,18,,,0,40,,1310,18,,,0,80,,1301,18,,,0,80,,1303,18,,,0,40,,1302,18,,,0,160,,1294,18,,,0,100,,1304,18,,,0,40,,1295,18,,,0,60,,1305,18,,,0,20,,1306,18,,,0,23,,1296,18,,,0,60,,1297,18,,,0,17,,1307,18,,,0,100,,1298,18,,,0
500,'4616',943,,1277,18,,,0,100,,1278,18,,,0,80,,1286,18,,,0,80,,1279,18,,,0,40,,1280,18,,,0,80,,1281,18,,,0,80,,1274,18,,,0,40,,1275,18,,,0,80,,1276,18,,,0,80,,1282,18,,,0,40,,1283,18,,,0,103,,1284,18,,,0,102,,1285,18,,,0
500,'4619',1323,,1321,18,,,0,120,,1317,18,,,0,80,,1318,18,,,0,220,,1319,18,,,0,165,,1320,18,,,0
500,'4623',1323,,1250,18,,,0,120,,1246,18,,,0,80,,1247,18,,,0,220,,1248,18,,,0,165,,1249,18,,,0
500,'4931',1323,,1316,18,,,0,120,,1313,18,,,0,80,,1314,18,,,0,220,,1315,18,,,0
500,'5087',806,,1268,18,,,0,40,,1265,18,,,0,57,,1266,18,,,0,20,,1256,18,,,0,23,,1269,18,,,0,57,,1257,18,,,0,40,,1267,18,,,0,80,,1258,18,,,0,80,,1260,18,,,0,40,,1259,18,,,0,160,,1251,18,,,0,100,,1261,18,,,0,40,,1252,18,,,0,60,,1262,18,,,0,20,,1263,18,,,0,23,,1253,18,,,0,60,,1254,18,,,0,17,,1264,18,,,0,100,,1255,18,,,0
500,'5088',1323,,1273,18,,,0,120,,1270,18,,,0,80,,1271,18,,,0,220,,1272,18,,,0
1401,'4159',1028,,1418,27,,,0,116,,1419,27,,,0,160,,1420,27,,,0,135,,1421,27,,,0,120,,1422,27,,,0,160,,1423,27,,,0
1401,'4614',748,,1426,27,,,0,155,,1433,27,,,0,43,,1427,27,,,0,80,,1434,27,,,0,80,,1428,27,,,0,40,,1430,27,,,0,80,,1429,27,,,0,120,,1424,27,,,0,297,,1431,27,,,0,200,,1425,27,,,0
1401,'4616',928,,1416,27,,,0,80,,1406,27,,,0,98,,1417,27,,,0,40,,1407,27,,,0,80,,1408,27,,,0,80,,1409,27,,,0,40,,1402,27,,,0,80,,1403,27,,,0,80,,1404,27,,,0,40,,1415,27,,,0,80,,1410,27,,,0,75,,1405,27,,,0,102,,1411,27,,,0,103,,1412,27,,,0,102,,1413,27,,,0,100,,1414,27,,,0
1401,'4619',1306,,1445,27,,,0,120,,1446,27,,,0,77,,1440,27,,,0,40,,1441,27,,,0,183,,1442,27,,,0,197,,1447,27,,,0,85,,1443,27,,,0,100,,1444,27,,,0
1401,'4623',1306,,1383,27,,,0,120,,1384,27,,,0,77,,1378,27,,,0,40,,1379,27,,,0,183,,1380,27,,,0,197,,1385,27,,,0,85,,1381,27,,,0,100,,1382,27,,,0
1401,'4931',1306,,1438,27,,,0,120,,1439,27,,,0,77,,1435,27,,,0,40,,1436,27,,,0,183,,1437,27,,,0
1401,'5087',748,,1388,27,,,0,75,,1394,27,,,0,80,,1395,27,,,0,43,,1389,27,,,0,80,,1396,27,,,0,80,,1390,27,,,0,40,,1392,27,,,0,80,,1391,27,,,0,120,,1386,27,,,0,297,,1393,27,,,0,200,,1387,27,,,0
1401,'5088',1306,,1400,27,,,0,120,,1401,27,,,0,77,,1397,27,,,0,40,,1398,27,,,0,183,,1399,27,,,0
