700,'4159',1041,,810,12,,,0,115,,811,12,,,0,158,,812,12,,,0,137,,807,12,,,0,160,,808,12,,,0,120,,809,12,,,0
700,'4614',759,,819,12,,,0,57,,814,12,,,0,40,,815,12,,,0,100,,820,12,,,0,144,,822,12,,,0,56,,821,12,,,0,100,,816,12,,,0,100,,817,12,,,0,303,,818,12,,,0,88,,813,12,,,0
700,'4616',1006,,833,12,,,0,50,,823,12,,,0,100,,824,12,,,0,100,,834,12,,,0,100,,825,12,,,0,100,,831,12,,,0,100,,832,12,,,0,100,,828,12,,,0,100,,826,12,,,0,100,,827,12,,,0,92,,829,12,,,0,100,,830,12,,,0
700,'4619',1456,,839,12,,,0,80,,840,12,,,0,80,,835,12,,,0,231,,836,12,,,0,100,,837,12,,,0,100,,838,12,,,0
700,'4623',1456,,1326,12,,,0,80,,1327,12,,,0,80,,1322,12,,,0,231,,1323,12,,,0,100,,1324,12,,,0,100,,1325,12,,,0
700,'4931',1456,,848,12,,,0,80,,849,12,,,0,80,,847,12,,,0
700,'5087',759,,1334,12,,,0,57,,1329,12,,,0,40,,1330,12,,,0,100,,1335,12,,,0,144,,1337,12,,,0,56,,1336,12,,,0,100,,1331,12,,,0,100,,1332,12,,,0,303,,1333,12,,,0,88,,1328,12,,,0
700,'5088',1456,,1339,12,,,0,80,,1340,12,,,0,80,,1338,12,,,0
700,'5284',1006,,1351,12,,,0,50,,1341,12,,,0,100,,1342,12,,,0,100,,1352,12,,,0,100,,1343,12,,,0,100,,1349,12,,,0,100,,1350,12,,,0,100,,1346,12,,,0,100,,1344,12,,,0,100,,1345,12,,,0,92,,1347,12,,,0,100,,1348,12,,,0
700,'5285',1041,,1356,12,,,0,115,,1357,12,,,0,158,,1358,12,,,0,137,,1353,12,,,0,160,,1354,12,,,0,120,,1355,12,,,0
700,'5287',759,,1365,12,,,0,57,,1360,12,,,0,40,,1361,12,,,0,100,,1366,12,,,0,144,,1368,12,,,0,56,,1367,12,,,0,100,,1362,12,,,0,100,,1363,12,,,0,303,,1364,12,,,0,88,,1359,12,,,0
700,'5288',1456,,1370,12,,,0,80,,1371,12,,,0,80,,1369,12,,,0
700,'5298',1456,,1376,12,,,0,80,,1377,12,,,0,80,,1372,12,,,0,231,,1373,12,,,0,100,,1374,12,,,0,100,,1375,12,,,0
