700,'4159',1042,,810,14,,,0,115,,811,14,,,0,158,,812,14,,,0,137,,807,14,,,0,160,,808,14,,,0,120,,809,14,,,0
700,'4614',801,,819,14,,,0,17,,814,14,,,0,40,,815,14,,,0,100,,820,14,,,0,144,,822,14,,,0,56,,821,14,,,0,100,,816,14,,,0,100,,817,14,,,0,343,,818,14,,,0,48,,813,14,,,0
700,'4616',1007,,833,14,,,0,50,,823,14,,,0,100,,824,14,,,0,100,,834,14,,,0,100,,825,14,,,0,100,,831,14,,,0,100,,832,14,,,0,100,,828,14,,,0,100,,826,14,,,0,100,,827,14,,,0,92,,829,14,,,0,100,,830,14,,,0
700,'4619',1458,,839,14,,,0,80,,840,14,,,0,80,,835,14,,,0,231,,836,14,,,0,100,,837,14,,,0,100,,838,14,,,0
700,'4623',1458,,1326,14,,,0,80,,1327,14,,,0,80,,1322,14,,,0,231,,1323,14,,,0,100,,1324,14,,,0,100,,1325,14,,,0
700,'4931',1458,,848,14,,,0,80,,849,14,,,0,80,,847,14,,,0
700,'5087',801,,1334,14,,,0,17,,1329,14,,,0,40,,1330,14,,,0,100,,1335,14,,,0,144,,1337,14,,,0,56,,1336,14,,,0,100,,1331,14,,,0,100,,1332,14,,,0,343,,1333,14,,,0,48,,1328,14,,,0
700,'5088',1458,,1339,14,,,0,80,,1340,14,,,0,80,,1338,14,,,0
700,'5284',1007,,1351,14,,,0,50,,1341,14,,,0,100,,1342,14,,,0,100,,1352,14,,,0,100,,1343,14,,,0,100,,1349,14,,,0,100,,1350,14,,,0,100,,1346,14,,,0,100,,1344,14,,,0,100,,1345,14,,,0,92,,1347,14,,,0,100,,1348,14,,,0
700,'5285',1042,,1356,14,,,0,115,,1357,14,,,0,158,,1358,14,,,0,137,,1353,14,,,0,160,,1354,14,,,0,120,,1355,14,,,0
700,'5287',801,,1365,14,,,0,17,,1360,14,,,0,40,,1361,14,,,0,100,,1366,14,,,0,144,,1368,14,,,0,56,,1367,14,,,0,100,,1362,14,,,0,100,,1363,14,,,0,343,,1364,14,,,0,48,,1359,14,,,0
700,'5288',1458,,1370,14,,,0,80,,1371,14,,,0,80,,1369,14,,,0
700,'5298',1458,,1376,14,,,0,80,,1377,14,,,0,80,,1372,14,,,0,231,,1373,14,,,0,100,,1374,14,,,0,100,,1375,14,,,0
