200,'4159',1005,,609,13,,,0,116,,610,13,,,0,120,,611,13,,,0,175,,612,13,,,0,120,,613,13,,,0,120,,614,13,,,0
200,'4614',759,,616,13,,,0,80,,617,13,,,0,100,,620,13,,,0,104,,622,13,,,0,96,,621,13,,,0,100,,618,13,,,0,100,,619,13,,,0,462,,615,13,,,0
200,'4616',1035,,623,13,,,0,100,,624,13,,,0,100,,631,13,,,0,105,,625,13,,,0,95,,630,13,,,0,105,,629,13,,,0,95,,626,13,,,0,105,,627,13,,,0,100,,628,13,,,0
200,'4619',1436,,632,13,,,0,120,,633,13,,,0,85,,634,13,,,0,75,,635,13,,,0,185,,636,13,,,0
200,'4623',1436,,1124,13,,,0,120,,1125,13,,,0,85,,1126,13,,,0,75,,1127,13,,,0,185,,1128,13,,,0
200,'4931',1436,,642,13,,,0,120,,643,13,,,0,85,,644,13,,,0,75,,645,13,,,0
200,'5087',759,,1130,13,,,0,80,,1131,13,,,0,100,,1134,13,,,0,104,,1136,13,,,0,96,,1135,13,,,0,100,,1132,13,,,0,100,,1133,13,,,0,462,,1129,13,,,0
200,'5088',1436,,1137,13,,,0,120,,1138,13,,,0,85,,1139,13,,,0,75,,1140,13,,,0
200,'5284',1035,,1141,13,,,0,100,,1142,13,,,0,100,,1149,13,,,0,105,,1143,13,,,0,95,,1148,13,,,0,105,,1147,13,,,0,95,,1144,13,,,0,105,,1145,13,,,0,100,,1146,13,,,0
200,'5285',1005,,1150,13,,,0,116,,1151,13,,,0,120,,1152,13,,,0,175,,1153,13,,,0,120,,1154,13,,,0,120,,1155,13,,,0
200,'5287',759,,1157,13,,,0,80,,1158,13,,,0,100,,1161,13,,,0,104,,1163,13,,,0,96,,1162,13,,,0,100,,1159,13,,,0,100,,1160,13,,,0,462,,1156,13,,,0
200,'5288',1436,,1164,13,,,0,120,,1165,13,,,0,85,,1166,13,,,0,75,,1167,13,,,0
200,'5298',1436,,1168,13,,,0,120,,1169,13,,,0,85,,1170,13,,,0,75,,1171,13,,,0,185,,1172,13,,,0
