700,'4159',1038,,810,8,,,0,115,,811,8,,,0,158,,812,8,,,0,137,,807,8,,,0,160,,808,8,,,0,120,,809,8,,,0
700,'4614',756,,819,8,,,0,57,,814,8,,,0,40,,815,8,,,0,100,,820,8,,,0,104,,822,8,,,0,96,,821,8,,,0,100,,816,8,,,0,100,,817,8,,,0,303,,818,8,,,0,88,,813,8,,,0
700,'4616',1003,,833,8,,,0,50,,823,8,,,0,100,,824,8,,,0,100,,834,8,,,0,100,,825,8,,,0,100,,831,8,,,0,100,,832,8,,,0,100,,828,8,,,0,100,,826,8,,,0,100,,827,8,,,0,92,,829,8,,,0,100,,830,8,,,0
700,'4619',1453,,839,8,,,0,80,,840,8,,,0,80,,835,8,,,0,231,,836,8,,,0,100,,837,8,,,0,100,,838,8,,,0
700,'4623',1453,,1326,8,,,0,80,,1327,8,,,0,80,,1322,8,,,0,231,,1323,8,,,0,100,,1324,8,,,0,100,,1325,8,,,0
700,'4931',1453,,848,8,,,0,80,,849,8,,,0,80,,847,8,,,0
700,'5087',756,,1334,8,,,0,57,,1329,8,,,0,40,,1330,8,,,0,100,,1335,8,,,0,104,,1337,8,,,0,96,,1336,8,,,0,100,,1331,8,,,0,100,,1332,8,,,0,303,,1333,8,,,0,88,,1328,8,,,0
700,'5088',1453,,1339,8,,,0,80,,1340,8,,,0,80,,1338,8,,,0
700,'5284',1003,,1351,8,,,0,50,,1341,8,,,0,100,,1342,8,,,0,100,,1352,8,,,0,100,,1343,8,,,0,100,,1349,8,,,0,100,,1350,8,,,0,100,,1346,8,,,0,100,,1344,8,,,0,100,,1345,8,,,0,92,,1347,8,,,0,100,,1348,8,,,0
700,'5285',1038,,1356,8,,,0,115,,1357,8,,,0,158,,1358,8,,,0,137,,1353,8,,,0,160,,1354,8,,,0,120,,1355,8,,,0
700,'5287',756,,1365,8,,,0,57,,1360,8,,,0,40,,1361,8,,,0,100,,1366,8,,,0,104,,1368,8,,,0,96,,1367,8,,,0,100,,1362,8,,,0,100,,1363,8,,,0,303,,1364,8,,,0,88,,1359,8,,,0
700,'5288',1453,,1370,8,,,0,80,,1371,8,,,0,80,,1369,8,,,0
700,'5298',1453,,1376,8,,,0,80,,1377,8,,,0,80,,1372,8,,,0,231,,1373,8,,,0,100,,1374,8,,,0,100,,1375,8,,,0
