301,'4159',1111,,658,18,,,0,120,,659,18,,,0,175,,660,18,,,0,120,,661,18,,,0,120,,662,18,,,0
301,'4614',745,,665,18,,,0,75,,667,18,,,0,24,,668,18,,,0,80,,666,18,,,0,107,,669,18,,,0,93,,670,18,,,0,100,,664,18,,,0,100,,663,18,,,0
301,'4616',925,,674,18,,,0,100,,675,18,,,0,100,,671,18,,,0,100,,680,18,,,0,103,,672,18,,,0,97,,678,18,,,0,100,,679,18,,,0,100,,673,18,,,0,100,,676,18,,,0,105,,677,18,,,0
301,'4619',1424,,681,18,,,0,100,,684,18,,,0,80,,682,18,,,0,100,,685,18,,,0,101,,683,18,,,0,46,,686,18,,,0
301,'4623',1424,,1173,18,,,0,100,,1176,18,,,0,80,,1174,18,,,0,100,,1177,18,,,0,101,,1175,18,,,0,46,,1178,18,,,0
301,'4931',1424,,693,18,,,0,100,,696,18,,,0,80,,694,18,,,0,100,,697,18,,,0,101,,695,18,,,0
301,'5087',745,,1181,18,,,0,75,,1183,18,,,0,24,,1184,18,,,0,80,,1182,18,,,0,107,,1185,18,,,0,93,,1186,18,,,0,100,,1180,18,,,0,100,,1179,18,,,0
301,'5088',1424,,1187,18,,,0,100,,1190,18,,,0,80,,1188,18,,,0,100,,1191,18,,,0,101,,1189,18,,,0
301,'5284',925,,1195,18,,,0,100,,1196,18,,,0,100,,1192,18,,,0,100,,1201,18,,,0,103,,1193,18,,,0,97,,1199,18,,,0,100,,1200,18,,,0,100,,1194,18,,,0,100,,1197,18,,,0,105,,1198,18,,,0
301,'5285',1111,,1202,18,,,0,120,,1203,18,,,0,175,,1204,18,,,0,120,,1205,18,,,0,120,,1206,18,,,0
301,'5287',745,,1209,18,,,0,75,,1211,18,,,0,24,,1212,18,,,0,80,,1210,18,,,0,107,,1213,18,,,0,93,,1214,18,,,0,100,,1208,18,,,0,100,,1207,18,,,0
301,'5288',1424,,1215,18,,,0,100,,1218,18,,,0,80,,1216,18,,,0,100,,1219,18,,,0,101,,1217,18,,,0
301,'5298',1424,,1220,18,,,0,100,,1223,18,,,0,80,,1221,18,,,0,100,,1224,18,,,0,101,,1222,18,,,0,46,,1225,18,,,0
