500,'4159',946,,733,3,,,0,105,,734,3,,,0,155,,735,3,,,0,149,,736,3,,,0,160,,731,3,,,0,120,,732,3,,,0,91,,737,3,,,0
500,'4614',754,,755,3,,,0,80,,752,3,,,0,17,,753,3,,,0,60,,743,3,,,0,23,,756,3,,,0,17,,744,3,,,0,80,,754,3,,,0,80,,745,3,,,0,40,,747,3,,,0,80,,746,3,,,0,120,,738,3,,,0,100,,748,3,,,0,80,,739,3,,,0,20,,749,3,,,0,60,,750,3,,,0,23,,740,3,,,0,20,,741,3,,,0,57,,751,3,,,0,100,,742,3,,,0
500,'4616',931,,760,3,,,0,100,,761,3,,,0,80,,769,3,,,0,40,,762,3,,,0,80,,763,3,,,0,80,,764,3,,,0,40,,757,3,,,0,80,,758,3,,,0,80,,759,3,,,0,40,,765,3,,,0,80,,766,3,,,0,103,,767,3,,,0,102,,768,3,,,0
500,'4619',1311,,774,3,,,0,120,,770,3,,,0,80,,771,3,,,0,220,,772,3,,,0,125,,773,3,,,0
500,'4623',1311,,1250,3,,,0,120,,1246,3,,,0,80,,1247,3,,,0,220,,1248,3,,,0,125,,1249,3,,,0
500,'4931',1311,,783,3,,,0,120,,780,3,,,0,80,,781,3,,,0,220,,782,3,,,0
500,'5087',754,,1268,3,,,0,80,,1265,3,,,0,17,,1266,3,,,0,60,,1256,3,,,0,23,,1269,3,,,0,17,,1257,3,,,0,80,,1267,3,,,0,80,,1258,3,,,0,40,,1260,3,,,0,80,,1259,3,,,0,120,,1251,3,,,0,100,,1261,3,,,0,80,,1252,3,,,0,20,,1262,3,,,0,60,,1263,3,,,0,23,,1253,3,,,0,20,,1254,3,,,0,57,,1264,3,,,0,100,,1255,3,,,0
500,'5088',1311,,1273,3,,,0,120,,1270,3,,,0,80,,1271,3,,,0,220,,1272,3,,,0
500,'5284',931,,1277,3,,,0,100,,1278,3,,,0,80,,1286,3,,,0,40,,1279,3,,,0,80,,1280,3,,,0,80,,1281,3,,,0,40,,1274,3,,,0,80,,1275,3,,,0,80,,1276,3,,,0,40,,1282,3,,,0,80,,1283,3,,,0,103,,1284,3,,,0,102,,1285,3,,,0
500,'5285',946,,1289,3,,,0,105,,1290,3,,,0,155,,1291,3,,,0,149,,1292,3,,,0,160,,1287,3,,,0,120,,1288,3,,,0,91,,1293,3,,,0
500,'5287',754,,1311,3,,,0,80,,1308,3,,,0,17,,1309,3,,,0,60,,1299,3,,,0,23,,1312,3,,,0,17,,1300,3,,,0,80,,1310,3,,,0,80,,1301,3,,,0,40,,1303,3,,,0,80,,1302,3,,,0,120,,1294,3,,,0,100,,1304,3,,,0,80,,1295,3,,,0,20,,1305,3,,,0,60,,1306,3,,,0,23,,1296,3,,,0,20,,1297,3,,,0,57,,1307,3,,,0,100,,1298,3,,,0
500,'5288',1311,,1316,3,,,0,120,,1313,3,,,0,80,,1314,3,,,0,220,,1315,3,,,0
500,'5298',1311,,1321,3,,,0,120,,1317,3,,,0,80,,1318,3,,,0,220,,1319,3,,,0,125,,1320,3,,,0
