200,'4159',1008,,609,19,,,0,116,,610,19,,,0,120,,611,19,,,0,175,,612,19,,,0,120,,613,19,,,0,120,,614,19,,,0
200,'4614',802,,616,19,,,0,40,,617,19,,,0,100,,620,19,,,0,104,,622,19,,,0,96,,621,19,,,0,100,,618,19,,,0,100,,619,19,,,0,462,,615,19,,,0
200,'4616',1038,,623,19,,,0,100,,624,19,,,0,100,,631,19,,,0,105,,625,19,,,0,95,,630,19,,,0,105,,629,19,,,0,95,,626,19,,,0,105,,627,19,,,0,100,,628,19,,,0
200,'4619',1439,,632,19,,,0,120,,633,19,,,0,85,,634,19,,,0,75,,635,19,,,0,185,,636,19,,,0
200,'4623',1439,,1124,19,,,0,120,,1125,19,,,0,85,,1126,19,,,0,75,,1127,19,,,0,185,,1128,19,,,0
200,'4931',1439,,642,19,,,0,120,,643,19,,,0,85,,644,19,,,0,75,,645,19,,,0
200,'5087',802,,1130,19,,,0,40,,1131,19,,,0,100,,1134,19,,,0,104,,1136,19,,,0,96,,1135,19,,,0,100,,1132,19,,,0,100,,1133,19,,,0,462,,1129,19,,,0
200,'5088',1439,,1137,19,,,0,120,,1138,19,,,0,85,,1139,19,,,0,75,,1140,19,,,0
200,'5284',1038,,1141,19,,,0,100,,1142,19,,,0,100,,1149,19,,,0,105,,1143,19,,,0,95,,1148,19,,,0,105,,1147,19,,,0,95,,1144,19,,,0,105,,1145,19,,,0,100,,1146,19,,,0
200,'5285',1008,,1150,19,,,0,116,,1151,19,,,0,120,,1152,19,,,0,175,,1153,19,,,0,120,,1154,19,,,0,120,,1155,19,,,0
200,'5287',802,,1157,19,,,0,40,,1158,19,,,0,100,,1161,19,,,0,104,,1163,19,,,0,96,,1162,19,,,0,100,,1159,19,,,0,100,,1160,19,,,0,462,,1156,19,,,0
200,'5288',1439,,1164,19,,,0,120,,1165,19,,,0,85,,1166,19,,,0,75,,1167,19,,,0
200,'5298',1439,,1168,19,,,0,120,,1169,19,,,0,85,,1170,19,,,0,75,,1171,19,,,0,185,,1172,19,,,0
