700,'4159',1044,,810,18,,,0,115,,811,18,,,0,158,,812,18,,,0,137,,807,18,,,0,160,,808,18,,,0,120,,809,18,,,0
700,'4614',803,,819,18,,,0,17,,814,18,,,0,80,,815,18,,,0,100,,820,18,,,0,104,,822,18,,,0,96,,821,18,,,0,100,,816,18,,,0,100,,817,18,,,0,303,,818,18,,,0,48,,813,18,,,0
700,'4616',1009,,833,18,,,0,50,,823,18,,,0,100,,824,18,,,0,100,,834,18,,,0,100,,825,18,,,0,100,,831,18,,,0,100,,832,18,,,0,100,,828,18,,,0,100,,826,18,,,0,100,,827,18,,,0,92,,829,18,,,0,100,,830,18,,,0
700,'4619',1500,,839,18,,,0,40,,840,18,,,0,80,,835,18,,,0,231,,836,18,,,0,100,,837,18,,,0,100,,838,18,,,0
700,'4623',1500,,1326,18,,,0,40,,1327,18,,,0,80,,1322,18,,,0,231,,1323,18,,,0,100,,1324,18,,,0,100,,1325,18,,,0
700,'4931',1500,,848,18,,,0,40,,849,18,,,0,80,,847,18,,,0
700,'5087',803,,1334,18,,,0,17,,1329,18,,,0,80,,1330,18,,,0,100,,1335,18,,,0,104,,1337,18,,,0,96,,1336,18,,,0,100,,1331,18,,,0,100,,1332,18,,,0,303,,1333,18,,,0,48,,1328,18,,,0
700,'5088',1500,,1339,18,,,0,40,,1340,18,,,0,80,,1338,18,,,0
700,'5284',1009,,1351,18,,,0,50,,1341,18,,,0,100,,1342,18,,,0,100,,1352,18,,,0,100,,1343,18,,,0,100,,1349,18,,,0,100,,1350,18,,,0,100,,1346,18,,,0,100,,1344,18,,,0,100,,1345,18,,,0,92,,1347,18,,,0,100,,1348,18,,,0
700,'5285',1044,,1356,18,,,0,115,,1357,18,,,0,158,,1358,18,,,0,137,,1353,18,,,0,160,,1354,18,,,0,120,,1355,18,,,0
700,'5287',803,,1365,18,,,0,17,,1360,18,,,0,80,,1361,18,,,0,100,,1366,18,,,0,104,,1368,18,,,0,96,,1367,18,,,0,100,,1362,18,,,0,100,,1363,18,,,0,303,,1364,18,,,0,48,,1359,18,,,0
700,'5288',1500,,1370,18,,,0,40,,1371,18,,,0,80,,1369,18,,,0
700,'5298',1500,,1376,18,,,0,40,,1377,18,,,0,80,,1372,18,,,0,231,,1373,18,,,0,100,,1374,18,,,0,100,,1375,18,,,0
