700,'4159',1043,,810,17,,,0,115,,811,17,,,0,158,,812,17,,,0,137,,807,17,,,0,160,,808,17,,,0,120,,809,17,,,0
700,'4614',802,,819,17,,,0,17,,814,17,,,0,40,,815,17,,,0,100,,820,17,,,0,144,,822,17,,,0,56,,821,17,,,0,100,,816,17,,,0,100,,817,17,,,0,343,,818,17,,,0,48,,813,17,,,0
700,'4616',1008,,833,17,,,0,50,,823,17,,,0,100,,824,17,,,0,100,,834,17,,,0,100,,825,17,,,0,100,,831,17,,,0,100,,832,17,,,0,100,,828,17,,,0,100,,826,17,,,0,100,,827,17,,,0,92,,829,17,,,0,100,,830,17,,,0
700,'4619',1459,,839,17,,,0,80,,840,17,,,0,80,,835,17,,,0,231,,836,17,,,0,100,,837,17,,,0,100,,838,17,,,0
700,'4623',1459,,1326,17,,,0,80,,1327,17,,,0,80,,1322,17,,,0,231,,1323,17,,,0,100,,1324,17,,,0,100,,1325,17,,,0
700,'4931',1459,,848,17,,,0,80,,849,17,,,0,80,,847,17,,,0
700,'5087',802,,1334,17,,,0,17,,1329,17,,,0,40,,1330,17,,,0,100,,1335,17,,,0,144,,1337,17,,,0,56,,1336,17,,,0,100,,1331,17,,,0,100,,1332,17,,,0,343,,1333,17,,,0,48,,1328,17,,,0
700,'5088',1459,,1339,17,,,0,80,,1340,17,,,0,80,,1338,17,,,0
700,'5284',1008,,1351,17,,,0,50,,1341,17,,,0,100,,1342,17,,,0,100,,1352,17,,,0,100,,1343,17,,,0,100,,1349,17,,,0,100,,1350,17,,,0,100,,1346,17,,,0,100,,1344,17,,,0,100,,1345,17,,,0,92,,1347,17,,,0,100,,1348,17,,,0
700,'5285',1043,,1356,17,,,0,115,,1357,17,,,0,158,,1358,17,,,0,137,,1353,17,,,0,160,,1354,17,,,0,120,,1355,17,,,0
700,'5287',802,,1365,17,,,0,17,,1360,17,,,0,40,,1361,17,,,0,100,,1366,17,,,0,144,,1368,17,,,0,56,,1367,17,,,0,100,,1362,17,,,0,100,,1363,17,,,0,343,,1364,17,,,0,48,,1359,17,,,0
700,'5288',1459,,1370,17,,,0,80,,1371,17,,,0,80,,1369,17,,,0
700,'5298',1459,,1376,17,,,0,80,,1377,17,,,0,80,,1372,17,,,0,231,,1373,17,,,0,100,,1374,17,,,0,100,,1375,17,,,0
