100,'4159',1014,,474,3,,,0,35,,467,3,,,0,81,,475,3,,,0,79,,468,3,,,0,41,,469,3,,,0,94,,470,3,,,0,81,,471,3,,,0,79,,476,3,,,0,41,,472,3,,,0,77,,477,3,,,0,83,,473,3,,,0
100,'4614',735,,488,3,,,0,92,,485,3,0,5 2 6 3 7,0,80,,489,3,,,0,100,,490,3,,,0,18,,482,3,,,0,82,,486,3,,,0,44,,491,3,,,0,76,,487,3,,,0,80,,483,3,,,0,124,,478,3,,,0,76,,479,3,0,5 2 6 3 7,0,30,,484,3,,,0,70,,480,3,,,0,120,,481,3,,,0
100,'4616',944,,504,3,,,0,85,,505,3,,,0,75,,499,3,,,0,45,,506,3,,,0,80,,492,3,,,0,75,,493,3,,,0,45,,500,3,,,0,80,,494,3,,,0,80,,495,3,,,0,40,,496,3,,,0,75,,503,3,,,0,95,,497,3,,,0,102,,498,3,,,0,103,,501,3,,,0,100,,502,3,,,0
100,'4619',1347,,510,3,,,0,300,,507,3,,,0,178,,511,3,,,0,100,,508,3,,,0,100,,509,3,,,0
100,'4623',1347,,985,3,,,0,300,,982,3,,,0,178,,986,3,,,0,100,,983,3,,,0,100,,984,3,,,0
100,'4931',1347,,518,3,,,0,300,,517,3,,,0
100,'5087',735,,997,3,,,0,92,,994,3,0,5 2 6 3 7,0,80,,998,3,,,0,100,,999,3,,,0,18,,991,3,,,0,82,,995,3,,,0,44,,1000,3,,,0,76,,996,3,,,0,80,,992,3,,,0,124,,987,3,,,0,76,,988,3,0,5 2 6 3 7,0,30,,993,3,,,0,70,,989,3,,,0,120,,990,3,,,0
100,'5088',1347,,1002,3,,,0,300,,1001,3,,,0
100,'5284',944,,1015,3,,,0,85,,1016,3,,,0,75,,1010,3,,,0,45,,1017,3,,,0,80,,1003,3,,,0,75,,1004,3,,,0,45,,1011,3,,,0,80,,1005,3,,,0,80,,1006,3,,,0,40,,1007,3,,,0,75,,1014,3,,,0,95,,1008,3,,,0,102,,1009,3,,,0,103,,1012,3,,,0,100,,1013,3,,,0
100,'5285',1014,,1025,3,,,0,35,,1018,3,,,0,81,,1026,3,,,0,79,,1019,3,,,0,41,,1020,3,,,0,94,,1021,3,,,0,81,,1022,3,,,0,79,,1027,3,,,0,41,,1023,3,,,0,77,,1028,3,,,0,83,,1024,3,,,0
100,'5287',735,,1039,3,,,0,92,,1036,3,0,5 2 6 3 7,0,80,,1040,3,,,0,100,,1041,3,,,0,18,,1033,3,,,0,82,,1037,3,,,0,44,,1042,3,,,0,76,,1038,3,,,0,80,,1034,3,,,0,124,,1029,3,,,0,76,,1030,3,0,5 2 6 3 7,0,30,,1035,3,,,0,70,,1031,3,,,0,120,,1032,3,,,0
100,'5288',1347,,1044,3,,,0,300,,1043,3,,,0
100,'5298',1347,,1048,3,,,0,300,,1045,3,,,0,178,,1049,3,,,0,100,,1046,3,,,0,100,,1047,3,,,0
