700,'4159',1039,,810,9,,,0,115,,811,9,,,0,158,,812,9,,,0,137,,807,9,,,0,160,,808,9,,,0,120,,809,9,,,0
700,'4614',757,,819,9,,,0,57,,814,9,,,0,40,,815,9,,,0,100,,820,9,,,0,104,,822,9,,,0,96,,821,9,,,0,100,,816,9,,,0,100,,817,9,,,0,303,,818,9,,,0,88,,813,9,,,0
700,'4616',1004,,833,9,,,0,50,,823,9,,,0,100,,824,9,,,0,100,,834,9,,,0,100,,825,9,,,0,100,,831,9,,,0,100,,832,9,,,0,100,,828,9,,,0,100,,826,9,,,0,100,,827,9,,,0,92,,829,9,,,0,100,,830,9,,,0
700,'4619',1454,,839,9,,,0,80,,840,9,,,0,80,,835,9,,,0,231,,836,9,,,0,100,,837,9,,,0,100,,838,9,,,0
700,'4623',1454,,1326,9,,,0,80,,1327,9,,,0,80,,1322,9,,,0,231,,1323,9,,,0,100,,1324,9,,,0,100,,1325,9,,,0
700,'4931',1454,,848,9,,,0,80,,849,9,,,0,80,,847,9,,,0
700,'5087',757,,1334,9,,,0,57,,1329,9,,,0,40,,1330,9,,,0,100,,1335,9,,,0,104,,1337,9,,,0,96,,1336,9,,,0,100,,1331,9,,,0,100,,1332,9,,,0,303,,1333,9,,,0,88,,1328,9,,,0
700,'5088',1454,,1339,9,,,0,80,,1340,9,,,0,80,,1338,9,,,0
700,'5284',1004,,1351,9,,,0,50,,1341,9,,,0,100,,1342,9,,,0,100,,1352,9,,,0,100,,1343,9,,,0,100,,1349,9,,,0,100,,1350,9,,,0,100,,1346,9,,,0,100,,1344,9,,,0,100,,1345,9,,,0,92,,1347,9,,,0,100,,1348,9,,,0
700,'5285',1039,,1356,9,,,0,115,,1357,9,,,0,158,,1358,9,,,0,137,,1353,9,,,0,160,,1354,9,,,0,120,,1355,9,,,0
700,'5287',757,,1365,9,,,0,57,,1360,9,,,0,40,,1361,9,,,0,100,,1366,9,,,0,104,,1368,9,,,0,96,,1367,9,,,0,100,,1362,9,,,0,100,,1363,9,,,0,303,,1364,9,,,0,88,,1359,9,,,0
700,'5288',1454,,1370,9,,,0,80,,1371,9,,,0,80,,1369,9,,,0
700,'5298',1454,,1376,9,,,0,80,,1377,9,,,0,80,,1372,9,,,0,231,,1373,9,,,0,100,,1374,9,,,0,100,,1375,9,,,0
