301,'4159',1112,,658,21,,,0,120,,659,21,,,0,175,,660,21,,,0,120,,661,21,,,0,120,,662,21,,,0
301,'4614',747,,665,21,,,0,75,,667,21,,,0,24,,668,21,,,0,80,,666,21,,,0,107,,669,21,,,0,93,,670,21,,,0,100,,664,21,,,0,100,,663,21,,,0
301,'4616',926,,674,21,,,0,100,,675,21,,,0,100,,671,21,,,0,100,,680,21,,,0,103,,672,21,,,0,97,,678,21,,,0,100,,679,21,,,0,100,,673,21,,,0,100,,676,21,,,0,105,,677,21,,,0
301,'4619',1426,,681,21,,,0,100,,684,21,,,0,80,,682,21,,,0,100,,685,21,,,0,101,,683,21,,,0,46,,686,21,,,0
301,'4623',1426,,1173,21,,,0,100,,1176,21,,,0,80,,1174,21,,,0,100,,1177,21,,,0,101,,1175,21,,,0,46,,1178,21,,,0
301,'4931',1426,,693,21,,,0,100,,696,21,,,0,80,,694,21,,,0,100,,697,21,,,0,101,,695,21,,,0
301,'5087',747,,1181,21,,,0,75,,1183,21,,,0,24,,1184,21,,,0,80,,1182,21,,,0,107,,1185,21,,,0,93,,1186,21,,,0,100,,1180,21,,,0,100,,1179,21,,,0
301,'5088',1426,,1187,21,,,0,100,,1190,21,,,0,80,,1188,21,,,0,100,,1191,21,,,0,101,,1189,21,,,0
301,'5284',926,,1195,21,,,0,100,,1196,21,,,0,100,,1192,21,,,0,100,,1201,21,,,0,103,,1193,21,,,0,97,,1199,21,,,0,100,,1200,21,,,0,100,,1194,21,,,0,100,,1197,21,,,0,105,,1198,21,,,0
301,'5285',1112,,1202,21,,,0,120,,1203,21,,,0,175,,1204,21,,,0,120,,1205,21,,,0,120,,1206,21,,,0
301,'5287',747,,1209,21,,,0,75,,1211,21,,,0,24,,1212,21,,,0,80,,1210,21,,,0,107,,1213,21,,,0,93,,1214,21,,,0,100,,1208,21,,,0,100,,1207,21,,,0
301,'5288',1426,,1215,21,,,0,100,,1218,21,,,0,80,,1216,21,,,0,100,,1219,21,,,0,101,,1217,21,,,0
301,'5298',1426,,1220,21,,,0,100,,1223,21,,,0,80,,1221,21,,,0,100,,1224,21,,,0,101,,1222,21,,,0,46,,1225,21,,,0
