700,'4159',1042,,810,13,,,0,115,,811,13,,,0,158,,812,13,,,0,137,,807,13,,,0,160,,808,13,,,0,120,,809,13,,,0
700,'4614',800,,819,13,,,0,17,,814,13,,,0,40,,815,13,,,0,100,,820,13,,,0,144,,822,13,,,0,56,,821,13,,,0,100,,816,13,,,0,100,,817,13,,,0,343,,818,13,,,0,48,,813,13,,,0
700,'4616',1007,,833,13,,,0,50,,823,13,,,0,100,,824,13,,,0,100,,834,13,,,0,100,,825,13,,,0,100,,831,13,,,0,100,,832,13,,,0,100,,828,13,,,0,100,,826,13,,,0,100,,827,13,,,0,92,,829,13,,,0,100,,830,13,,,0
700,'4619',1457,,839,13,,,0,80,,840,13,,,0,80,,835,13,,,0,231,,836,13,,,0,100,,837,13,,,0,100,,838,13,,,0
700,'4623',1457,,1326,13,,,0,80,,1327,13,,,0,80,,1322,13,,,0,231,,1323,13,,,0,100,,1324,13,,,0,100,,1325,13,,,0
700,'4931',1457,,848,13,,,0,80,,849,13,,,0,80,,847,13,,,0
700,'5087',800,,1334,13,,,0,17,,1329,13,,,0,40,,1330,13,,,0,100,,1335,13,,,0,144,,1337,13,,,0,56,,1336,13,,,0,100,,1331,13,,,0,100,,1332,13,,,0,343,,1333,13,,,0,48,,1328,13,,,0
700,'5088',1457,,1339,13,,,0,80,,1340,13,,,0,80,,1338,13,,,0
700,'5284',1007,,1351,13,,,0,50,,1341,13,,,0,100,,1342,13,,,0,100,,1352,13,,,0,100,,1343,13,,,0,100,,1349,13,,,0,100,,1350,13,,,0,100,,1346,13,,,0,100,,1344,13,,,0,100,,1345,13,,,0,92,,1347,13,,,0,100,,1348,13,,,0
700,'5285',1042,,1356,13,,,0,115,,1357,13,,,0,158,,1358,13,,,0,137,,1353,13,,,0,160,,1354,13,,,0,120,,1355,13,,,0
700,'5287',800,,1365,13,,,0,17,,1360,13,,,0,40,,1361,13,,,0,100,,1366,13,,,0,144,,1368,13,,,0,56,,1367,13,,,0,100,,1362,13,,,0,100,,1363,13,,,0,343,,1364,13,,,0,48,,1359,13,,,0
700,'5288',1457,,1370,13,,,0,80,,1371,13,,,0,80,,1369,13,,,0
700,'5298',1457,,1376,13,,,0,80,,1377,13,,,0,80,,1372,13,,,0,231,,1373,13,,,0,100,,1374,13,,,0,100,,1375,13,,,0
