400,'4614',740,,713,19,,,0,400,,711,19,,,0,280,,712,19,,,0
400,'4619',1740,,714,19,,,0
400,'4623',1740,,1226,19,,,0
400,'4931',1740,,716,19,,,0
400,'5087',740,,1229,19,,,0,400,,1227,19,,,0,280,,1228,19,,,0
400,'5088',1740,,1230,19,,,0
400,'5287',740,,1233,19,,,0,400,,1231,19,,,0,280,,1232,19,,,0
400,'5288',1740,,1234,19,,,0
400,'5298',1740,,1235,19,,,0
401,'4614',755,,723,7,,,0,400,,721,7,,,0,280,,722,7,,,0
401,'4619',1755,,724,7,,,0
401,'4623',1755,,1236,7,,,0
401,'4931',1755,,726,7,,,0
401,'5087',755,,1239,7,,,0,400,,1237,7,,,0,280,,1238,7,,,0
401,'5088',1755,,1240,7,,,0
401,'5287',755,,1243,7,,,0,400,,1241,7,,,0,280,,1242,7,,,0
401,'5288',1755,,1244,7,,,0
401,'5298',1755,,1245,7,,,0
