200,'4159',1002,,609,5,,,0,116,,610,5,,,0,120,,611,5,,,0,175,,612,5,,,0,120,,613,5,,,0,120,,614,5,,,0
200,'4614',755,,616,5,,,0,80,,617,5,,,0,100,,620,5,,,0,104,,622,5,,,0,96,,621,5,,,0,100,,618,5,,,0,100,,619,5,,,0,422,,615,5,,,0
200,'4616',1032,,623,5,,,0,100,,624,5,,,0,100,,631,5,,,0,105,,625,5,,,0,95,,630,5,,,0,105,,629,5,,,0,95,,626,5,,,0,105,,627,5,,,0,100,,628,5,,,0
200,'4619',1432,,632,5,,,0,120,,633,5,,,0,85,,634,5,,,0,75,,635,5,,,0,145,,636,5,,,0
200,'4623',1432,,1124,5,,,0,120,,1125,5,,,0,85,,1126,5,,,0,75,,1127,5,,,0,145,,1128,5,,,0
200,'4931',1432,,642,5,,,0,120,,643,5,,,0,85,,644,5,,,0,75,,645,5,,,0
200,'5087',755,,1130,5,,,0,80,,1131,5,,,0,100,,1134,5,,,0,104,,1136,5,,,0,96,,1135,5,,,0,100,,1132,5,,,0,100,,1133,5,,,0,422,,1129,5,,,0
200,'5088',1432,,1137,5,,,0,120,,1138,5,,,0,85,,1139,5,,,0,75,,1140,5,,,0
200,'5284',1032,,1141,5,,,0,100,,1142,5,,,0,100,,1149,5,,,0,105,,1143,5,,,0,95,,1148,5,,,0,105,,1147,5,,,0,95,,1144,5,,,0,105,,1145,5,,,0,100,,1146,5,,,0
200,'5285',1002,,1150,5,,,0,116,,1151,5,,,0,120,,1152,5,,,0,175,,1153,5,,,0,120,,1154,5,,,0,120,,1155,5,,,0
200,'5287',755,,1157,5,,,0,80,,1158,5,,,0,100,,1161,5,,,0,104,,1163,5,,,0,96,,1162,5,,,0,100,,1159,5,,,0,100,,1160,5,,,0,422,,1156,5,,,0
200,'5288',1432,,1164,5,,,0,120,,1165,5,,,0,85,,1166,5,,,0,75,,1167,5,,,0
200,'5298',1432,,1168,5,,,0,120,,1169,5,,,0,85,,1170,5,,,0,75,,1171,5,,,0,145,,1172,5,,,0
