1401,'4159',1024,,863,22,,,0,116,,864,22,,,0,160,,865,22,,,0,135,,866,22,,,0,120,,867,22,,,0,160,,868,22,,,0
1401,'4614',744,,871,22,,,0,75,,877,22,,,0,40,,878,22,,,0,83,,872,22,,,0,80,,879,22,,,0,80,,873,22,,,0,40,,875,22,,,0,80,,874,22,,,0,120,,869,22,,,0,297,,876,22,,,0,200,,870,22,,,0
1401,'4616',924,,894,22,,,0,80,,884,22,,,0,98,,895,22,,,0,40,,885,22,,,0,80,,886,22,,,0,80,,887,22,,,0,40,,880,22,,,0,80,,881,22,,,0,80,,882,22,,,0,40,,893,22,,,0,80,,888,22,,,0,35,,883,22,,,0,102,,889,22,,,0,143,,890,22,,,0,102,,891,22,,,0,100,,892,22,,,0
1401,'4619',1302,,901,22,,,0,120,,902,22,,,0,37,,896,22,,,0,80,,897,22,,,0,183,,898,22,,,0,197,,903,22,,,0,85,,899,22,,,0,100,,900,22,,,0
1401,'4623',1302,,1383,22,,,0,120,,1384,22,,,0,37,,1378,22,,,0,80,,1379,22,,,0,183,,1380,22,,,0,197,,1385,22,,,0,85,,1381,22,,,0,100,,1382,22,,,0
1401,'4931',1302,,915,22,,,0,120,,916,22,,,0,37,,912,22,,,0,80,,913,22,,,0,183,,914,22,,,0
1401,'5087',744,,1388,22,,,0,75,,1394,22,,,0,40,,1395,22,,,0,83,,1389,22,,,0,80,,1396,22,,,0,80,,1390,22,,,0,40,,1392,22,,,0,80,,1391,22,,,0,120,,1386,22,,,0,297,,1393,22,,,0,200,,1387,22,,,0
1401,'5088',1302,,1400,22,,,0,120,,1401,22,,,0,37,,1397,22,,,0,80,,1398,22,,,0,183,,1399,22,,,0
1401,'5284',924,,1416,22,,,0,80,,1406,22,,,0,98,,1417,22,,,0,40,,1407,22,,,0,80,,1408,22,,,0,80,,1409,22,,,0,40,,1402,22,,,0,80,,1403,22,,,0,80,,1404,22,,,0,40,,1415,22,,,0,80,,1410,22,,,0,35,,1405,22,,,0,102,,1411,22,,,0,143,,1412,22,,,0,102,,1413,22,,,0,100,,1414,22,,,0
1401,'5285',1024,,1418,22,,,0,116,,1419,22,,,0,160,,1420,22,,,0,135,,1421,22,,,0,120,,1422,22,,,0,160,,1423,22,,,0
1401,'5287',744,,1426,22,,,0,75,,1432,22,,,0,40,,1433,22,,,0,83,,1427,22,,,0,80,,1434,22,,,0,80,,1428,22,,,0,40,,1430,22,,,0,80,,1429,22,,,0,120,,1424,22,,,0,297,,1431,22,,,0,200,,1425,22,,,0
1401,'5288',1302,,1438,22,,,0,120,,1439,22,,,0,37,,1435,22,,,0,80,,1436,22,,,0,183,,1437,22,,,0
1401,'5298',1302,,1445,22,,,0,120,,1446,22,,,0,37,,1440,22,,,0,80,,1441,22,,,0,183,,1442,22,,,0,197,,1447,22,,,0,85,,1443,22,,,0,100,,1444,22,,,0
