301,'4159',1112,,658,22,,,0,120,,659,22,,,0,175,,660,22,,,0,120,,661,22,,,0,120,,662,22,,,0
301,'4614',747,,665,22,,,0,75,,667,22,,,0,24,,668,22,,,0,80,,666,22,,,0,107,,669,22,,,0,93,,670,22,,,0,100,,664,22,,,0,100,,663,22,,,0
301,'4616',926,,674,22,,,0,100,,675,22,,,0,100,,671,22,,,0,100,,680,22,,,0,103,,672,22,,,0,97,,678,22,,,0,100,,679,22,,,0,100,,673,22,,,0,100,,676,22,,,0,105,,677,22,,,0
301,'4619',1426,,681,22,,,0,100,,684,22,,,0,80,,682,22,,,0,100,,685,22,,,0,101,,683,22,,,0,46,,686,22,,,0
301,'4623',1426,,1173,22,,,0,100,,1176,22,,,0,80,,1174,22,,,0,100,,1177,22,,,0,101,,1175,22,,,0,46,,1178,22,,,0
301,'4931',1426,,693,22,,,0,100,,696,22,,,0,80,,694,22,,,0,100,,697,22,,,0,101,,695,22,,,0
301,'5087',747,,1181,22,,,0,75,,1183,22,,,0,24,,1184,22,,,0,80,,1182,22,,,0,107,,1185,22,,,0,93,,1186,22,,,0,100,,1180,22,,,0,100,,1179,22,,,0
301,'5088',1426,,1187,22,,,0,100,,1190,22,,,0,80,,1188,22,,,0,100,,1191,22,,,0,101,,1189,22,,,0
301,'5284',926,,1195,22,,,0,100,,1196,22,,,0,100,,1192,22,,,0,100,,1201,22,,,0,103,,1193,22,,,0,97,,1199,22,,,0,100,,1200,22,,,0,100,,1194,22,,,0,100,,1197,22,,,0,105,,1198,22,,,0
301,'5285',1112,,1202,22,,,0,120,,1203,22,,,0,175,,1204,22,,,0,120,,1205,22,,,0,120,,1206,22,,,0
301,'5287',747,,1209,22,,,0,75,,1211,22,,,0,24,,1212,22,,,0,80,,1210,22,,,0,107,,1213,22,,,0,93,,1214,22,,,0,100,,1208,22,,,0,100,,1207,22,,,0
301,'5288',1426,,1215,22,,,0,100,,1218,22,,,0,80,,1216,22,,,0,100,,1219,22,,,0,101,,1217,22,,,0
301,'5298',1426,,1220,22,,,0,100,,1223,22,,,0,80,,1221,22,,,0,100,,1224,22,,,0,101,,1222,22,,,0,46,,1225,22,,,0
