101,'4159',1011,,543,16,,,0,35,,535,16,,,0,81,,544,16,,,0,79,,536,16,,,0,41,,537,16,,,0,94,,538,16,,,0,81,,539,16,,,0,79,,545,16,,,0,41,,540,16,,,0,77,,546,16,,,0,83,,541,16,,,0,49,,542,16,,,0
101,'4614',731,,557,16,,,0,90,,554,16,,,0,80,,558,16,,,0,100,,559,16,,,0,20,,551,16,,,0,80,,555,16,,,0,40,,560,16,,,0,80,,556,16,,,0,80,,552,16,,,0,120,,547,16,,,0,80,,548,16,,,0,30,,553,16,,,0,70,,549,16,,,0,120,,550,16,,,0
101,'4616',941,,574,16,,,0,85,,575,16,,,0,75,,568,16,,,0,45,,576,16,,,0,80,,561,16,,,0,75,,562,16,,,0,45,,569,16,,,0,80,,563,16,,,0,80,,564,16,,,0,40,,565,16,,,0,75,,573,16,,,0,95,,566,16,,,0,102,,567,16,,,0,103,,570,16,,,0,100,,571,16,,,0,100,,572,16,,,0
101,'4619',1341,,581,16,,,0,300,,577,16,,,0,180,,582,16,,,0,100,,578,16,,,0,100,,579,16,,,0,100,,580,16,,,0
101,'4623',1341,,1054,16,,,0,300,,1050,16,,,0,180,,1055,16,,,0,100,,1051,16,,,0,100,,1052,16,,,0,100,,1053,16,,,0
101,'4931',1341,,590,16,,,0,300,,589,16,,,0,180,,591,16,,,0
101,'5087',731,,1066,16,,,0,90,,1063,16,,,0,80,,1067,16,,,0,100,,1068,16,,,0,20,,1060,16,,,0,80,,1064,16,,,0,40,,1069,16,,,0,80,,1065,16,,,0,80,,1061,16,,,0,120,,1056,16,,,0,80,,1057,16,,,0,30,,1062,16,,,0,70,,1058,16,,,0,120,,1059,16,,,0
101,'5088',1341,,1071,16,,,0,300,,1070,16,,,0,180,,1072,16,,,0
101,'5284',941,,1086,16,,,0,85,,1087,16,,,0,75,,1080,16,,,0,45,,1088,16,,,0,80,,1073,16,,,0,75,,1074,16,,,0,45,,1081,16,,,0,80,,1075,16,,,0,80,,1076,16,,,0,40,,1077,16,,,0,75,,1085,16,,,0,95,,1078,16,,,0,102,,1079,16,,,0,103,,1082,16,,,0,100,,1083,16,,,0,100,,1084,16,,,0
101,'5285',1011,,1097,16,,,0,35,,1089,16,,,0,81,,1098,16,,,0,79,,1090,16,,,0,41,,1091,16,,,0,94,,1092,16,,,0,81,,1093,16,,,0,79,,1099,16,,,0,41,,1094,16,,,0,77,,1100,16,,,0,83,,1095,16,,,0,49,,1096,16,,,0
101,'5287',731,,1111,16,,,0,90,,1108,16,,,0,80,,1112,16,,,0,100,,1113,16,,,0,20,,1105,16,,,0,80,,1109,16,,,0,40,,1114,16,,,0,80,,1110,16,,,0,80,,1106,16,,,0,120,,1101,16,,,0,80,,1102,16,,,0,30,,1107,16,,,0,70,,1103,16,,,0,120,,1104,16,,,0
101,'5288',1341,,1116,16,,,0,300,,1115,16,,,0,180,,1117,16,,,0
101,'5298',1341,,1122,16,,,0,300,,1118,16,,,0,180,,1123,16,,,0,100,,1119,16,,,0,100,,1120,16,,,0,100,,1121,16,,,0
