1401,'4159',1019,,863,12,,,0,116,,864,12,,,0,120,,865,12,,,0,175,,866,12,,,0,120,,867,12,,,0,160,,868,12,,,0
1401,'4614',739,,871,12,,,0,75,,877,12,,,0,40,,878,12,,,0,83,,872,12,,,0,80,,879,12,,,0,40,,873,12,,,0,80,,875,12,,,0,80,,874,12,,,0,120,,869,12,,,0,297,,876,12,,,0,200,,870,12,,,0
1401,'4616',919,,894,12,,,0,40,,884,12,,,0,98,,895,12,,,0,80,,885,12,,,0,80,,886,12,,,0,40,,887,12,,,0,80,,880,12,,,0,80,,881,12,,,0,40,,882,12,,,0,80,,893,12,,,0,80,,888,12,,,0,35,,883,12,,,0,102,,889,12,,,0,103,,890,12,,,0,102,,891,12,,,0,100,,892,12,,,0
1401,'4619',1257,,901,12,,,0,160,,902,12,,,0,37,,896,12,,,0,80,,897,12,,,0,183,,898,12,,,0,197,,903,12,,,0,45,,899,12,,,0,100,,900,12,,,0
1401,'4623',1257,,1383,12,,,0,160,,1384,12,,,0,37,,1378,12,,,0,80,,1379,12,,,0,183,,1380,12,,,0,197,,1385,12,,,0,45,,1381,12,,,0,100,,1382,12,,,0
1401,'4931',1257,,915,12,,,0,160,,916,12,,,0,37,,912,12,,,0,80,,913,12,,,0,183,,914,12,,,0
1401,'5087',739,,1388,12,,,0,75,,1394,12,,,0,40,,1395,12,,,0,83,,1389,12,,,0,80,,1396,12,,,0,40,,1390,12,,,0,80,,1392,12,,,0,80,,1391,12,,,0,120,,1386,12,,,0,297,,1393,12,,,0,200,,1387,12,,,0
1401,'5088',1257,,1400,12,,,0,160,,1401,12,,,0,37,,1397,12,,,0,80,,1398,12,,,0,183,,1399,12,,,0
1401,'5284',919,,1416,12,,,0,40,,1406,12,,,0,98,,1417,12,,,0,80,,1407,12,,,0,80,,1408,12,,,0,40,,1409,12,,,0,80,,1402,12,,,0,80,,1403,12,,,0,40,,1404,12,,,0,80,,1415,12,,,0,80,,1410,12,,,0,35,,1405,12,,,0,102,,1411,12,,,0,103,,1412,12,,,0,102,,1413,12,,,0,100,,1414,12,,,0
1401,'5285',1019,,1418,12,,,0,116,,1419,12,,,0,120,,1420,12,,,0,175,,1421,12,,,0,120,,1422,12,,,0,160,,1423,12,,,0
1401,'5287',739,,1426,12,,,0,75,,1432,12,,,0,40,,1433,12,,,0,83,,1427,12,,,0,80,,1434,12,,,0,40,,1428,12,,,0,80,,1430,12,,,0,80,,1429,12,,,0,120,,1424,12,,,0,297,,1431,12,,,0,200,,1425,12,,,0
1401,'5288',1257,,1438,12,,,0,160,,1439,12,,,0,37,,1435,12,,,0,80,,1436,12,,,0,183,,1437,12,,,0
1401,'5298',1257,,1445,12,,,0,160,,1446,12,,,0,37,,1440,12,,,0,80,,1441,12,,,0,183,,1442,12,,,0,197,,1447,12,,,0,45,,1443,12,,,0,100,,1444,12,,,0
