200,'4159',1008,,609,18,,,0,116,,610,18,,,0,120,,611,18,,,0,175,,612,18,,,0,120,,613,18,,,0,120,,614,18,,,0
200,'4614',802,,616,18,,,0,40,,617,18,,,0,100,,620,18,,,0,104,,622,18,,,0,96,,621,18,,,0,100,,618,18,,,0,100,,619,18,,,0,462,,615,18,,,0
200,'4616',1038,,623,18,,,0,100,,624,18,,,0,100,,631,18,,,0,105,,625,18,,,0,95,,630,18,,,0,105,,629,18,,,0,95,,626,18,,,0,105,,627,18,,,0,100,,628,18,,,0
200,'4619',1439,,632,18,,,0,120,,633,18,,,0,85,,634,18,,,0,75,,635,18,,,0,185,,636,18,,,0
200,'4623',1439,,1124,18,,,0,120,,1125,18,,,0,85,,1126,18,,,0,75,,1127,18,,,0,185,,1128,18,,,0
200,'4931',1439,,642,18,,,0,120,,643,18,,,0,85,,644,18,,,0,75,,645,18,,,0
200,'5087',802,,1130,18,,,0,40,,1131,18,,,0,100,,1134,18,,,0,104,,1136,18,,,0,96,,1135,18,,,0,100,,1132,18,,,0,100,,1133,18,,,0,462,,1129,18,,,0
200,'5088',1439,,1137,18,,,0,120,,1138,18,,,0,85,,1139,18,,,0,75,,1140,18,,,0
200,'5284',1038,,1141,18,,,0,100,,1142,18,,,0,100,,1149,18,,,0,105,,1143,18,,,0,95,,1148,18,,,0,105,,1147,18,,,0,95,,1144,18,,,0,105,,1145,18,,,0,100,,1146,18,,,0
200,'5285',1008,,1150,18,,,0,116,,1151,18,,,0,120,,1152,18,,,0,175,,1153,18,,,0,120,,1154,18,,,0,120,,1155,18,,,0
200,'5287',802,,1157,18,,,0,40,,1158,18,,,0,100,,1161,18,,,0,104,,1163,18,,,0,96,,1162,18,,,0,100,,1159,18,,,0,100,,1160,18,,,0,462,,1156,18,,,0
200,'5288',1439,,1164,18,,,0,120,,1165,18,,,0,85,,1166,18,,,0,75,,1167,18,,,0
200,'5298',1439,,1168,18,,,0,120,,1169,18,,,0,85,,1170,18,,,0,75,,1171,18,,,0,185,,1172,18,,,0
