700,'4159',1037,,810,5,,,0,115,,811,5,,,0,158,,812,5,,,0,137,,807,5,,,0,160,,808,5,,,0,120,,809,5,,,0
700,'4614',755,,819,5,,,0,57,,814,5,,,0,40,,815,5,,,0,100,,820,5,,,0,104,,822,5,,,0,96,,821,5,,,0,100,,816,5,,,0,100,,817,5,,,0,303,,818,5,,,0,88,,813,5,,,0
700,'4616',1002,,833,5,,,0,50,,823,5,,,0,100,,824,5,,,0,100,,834,5,,,0,100,,825,5,,,0,100,,831,5,,,0,100,,832,5,,,0,100,,828,5,,,0,100,,826,5,,,0,100,,827,5,,,0,92,,829,5,,,0,100,,830,5,,,0
700,'4619',1452,,839,5,,,0,80,,840,5,,,0,80,,835,5,,,0,231,,836,5,,,0,100,,837,5,,,0,100,,838,5,,,0
700,'4623',1452,,1326,5,,,0,80,,1327,5,,,0,80,,1322,5,,,0,231,,1323,5,,,0,100,,1324,5,,,0,100,,1325,5,,,0
700,'4931',1452,,848,5,,,0,80,,849,5,,,0,80,,847,5,,,0
700,'5087',755,,1334,5,,,0,57,,1329,5,,,0,40,,1330,5,,,0,100,,1335,5,,,0,104,,1337,5,,,0,96,,1336,5,,,0,100,,1331,5,,,0,100,,1332,5,,,0,303,,1333,5,,,0,88,,1328,5,,,0
700,'5088',1452,,1339,5,,,0,80,,1340,5,,,0,80,,1338,5,,,0
700,'5284',1002,,1351,5,,,0,50,,1341,5,,,0,100,,1342,5,,,0,100,,1352,5,,,0,100,,1343,5,,,0,100,,1349,5,,,0,100,,1350,5,,,0,100,,1346,5,,,0,100,,1344,5,,,0,100,,1345,5,,,0,92,,1347,5,,,0,100,,1348,5,,,0
700,'5285',1037,,1356,5,,,0,115,,1357,5,,,0,158,,1358,5,,,0,137,,1353,5,,,0,160,,1354,5,,,0,120,,1355,5,,,0
700,'5287',755,,1365,5,,,0,57,,1360,5,,,0,40,,1361,5,,,0,100,,1366,5,,,0,104,,1368,5,,,0,96,,1367,5,,,0,100,,1362,5,,,0,100,,1363,5,,,0,303,,1364,5,,,0,88,,1359,5,,,0
700,'5288',1452,,1370,5,,,0,80,,1371,5,,,0,80,,1369,5,,,0
700,'5298',1452,,1376,5,,,0,80,,1377,5,,,0,80,,1372,5,,,0,231,,1373,5,,,0,100,,1374,5,,,0,100,,1375,5,,,0
