700,'4159',1044,,810,19,,,0,115,,811,19,,,0,158,,812,19,,,0,137,,807,19,,,0,160,,808,19,,,0,120,,809,19,,,0
700,'4614',803,,819,19,,,0,17,,814,19,,,0,80,,815,19,,,0,100,,820,19,,,0,104,,822,19,,,0,96,,821,19,,,0,100,,816,19,,,0,100,,817,19,,,0,303,,818,19,,,0,48,,813,19,,,0
700,'4616',1009,,833,19,,,0,50,,823,19,,,0,100,,824,19,,,0,100,,834,19,,,0,100,,825,19,,,0,100,,831,19,,,0,100,,832,19,,,0,100,,828,19,,,0,100,,826,19,,,0,100,,827,19,,,0,92,,829,19,,,0,100,,830,19,,,0
700,'4619',1500,,839,19,,,0,40,,840,19,,,0,80,,835,19,,,0,231,,836,19,,,0,100,,837,19,,,0,100,,838,19,,,0
700,'4623',1500,,1326,19,,,0,40,,1327,19,,,0,80,,1322,19,,,0,231,,1323,19,,,0,100,,1324,19,,,0,100,,1325,19,,,0
700,'4931',1500,,848,19,,,0,40,,849,19,,,0,80,,847,19,,,0
700,'5087',803,,1334,19,,,0,17,,1329,19,,,0,80,,1330,19,,,0,100,,1335,19,,,0,104,,1337,19,,,0,96,,1336,19,,,0,100,,1331,19,,,0,100,,1332,19,,,0,303,,1333,19,,,0,48,,1328,19,,,0
700,'5088',1500,,1339,19,,,0,40,,1340,19,,,0,80,,1338,19,,,0
700,'5284',1009,,1351,19,,,0,50,,1341,19,,,0,100,,1342,19,,,0,100,,1352,19,,,0,100,,1343,19,,,0,100,,1349,19,,,0,100,,1350,19,,,0,100,,1346,19,,,0,100,,1344,19,,,0,100,,1345,19,,,0,92,,1347,19,,,0,100,,1348,19,,,0
700,'5285',1044,,1356,19,,,0,115,,1357,19,,,0,158,,1358,19,,,0,137,,1353,19,,,0,160,,1354,19,,,0,120,,1355,19,,,0
700,'5287',803,,1365,19,,,0,17,,1360,19,,,0,80,,1361,19,,,0,100,,1366,19,,,0,104,,1368,19,,,0,96,,1367,19,,,0,100,,1362,19,,,0,100,,1363,19,,,0,303,,1364,19,,,0,48,,1359,19,,,0
700,'5288',1500,,1370,19,,,0,40,,1371,19,,,0,80,,1369,19,,,0
700,'5298',1500,,1376,19,,,0,40,,1377,19,,,0,80,,1372,19,,,0,231,,1373,19,,,0,100,,1374,19,,,0,100,,1375,19,,,0
