1401,'4159',1024,,863,21,,,0,116,,864,21,,,0,160,,865,21,,,0,135,,866,21,,,0,120,,867,21,,,0,160,,868,21,,,0
1401,'4614',744,,871,21,,,0,75,,877,21,,,0,40,,878,21,,,0,83,,872,21,,,0,80,,879,21,,,0,80,,873,21,,,0,40,,875,21,,,0,80,,874,21,,,0,120,,869,21,,,0,297,,876,21,,,0,200,,870,21,,,0
1401,'4616',924,,894,21,,,0,80,,884,21,,,0,98,,895,21,,,0,40,,885,21,,,0,80,,886,21,,,0,80,,887,21,,,0,40,,880,21,,,0,80,,881,21,,,0,80,,882,21,,,0,40,,893,21,,,0,80,,888,21,,,0,35,,883,21,,,0,102,,889,21,,,0,143,,890,21,,,0,102,,891,21,,,0,100,,892,21,,,0
1401,'4619',1302,,901,21,,,0,120,,902,21,,,0,37,,896,21,,,0,80,,897,21,,,0,183,,898,21,,,0,197,,903,21,,,0,85,,899,21,,,0,100,,900,21,,,0
1401,'4623',1302,,1383,21,,,0,120,,1384,21,,,0,37,,1378,21,,,0,80,,1379,21,,,0,183,,1380,21,,,0,197,,1385,21,,,0,85,,1381,21,,,0,100,,1382,21,,,0
1401,'4931',1302,,915,21,,,0,120,,916,21,,,0,37,,912,21,,,0,80,,913,21,,,0,183,,914,21,,,0
1401,'5087',744,,1388,21,,,0,75,,1394,21,,,0,40,,1395,21,,,0,83,,1389,21,,,0,80,,1396,21,,,0,80,,1390,21,,,0,40,,1392,21,,,0,80,,1391,21,,,0,120,,1386,21,,,0,297,,1393,21,,,0,200,,1387,21,,,0
1401,'5088',1302,,1400,21,,,0,120,,1401,21,,,0,37,,1397,21,,,0,80,,1398,21,,,0,183,,1399,21,,,0
1401,'5284',924,,1416,21,,,0,80,,1406,21,,,0,98,,1417,21,,,0,40,,1407,21,,,0,80,,1408,21,,,0,80,,1409,21,,,0,40,,1402,21,,,0,80,,1403,21,,,0,80,,1404,21,,,0,40,,1415,21,,,0,80,,1410,21,,,0,35,,1405,21,,,0,102,,1411,21,,,0,143,,1412,21,,,0,102,,1413,21,,,0,100,,1414,21,,,0
1401,'5285',1024,,1418,21,,,0,116,,1419,21,,,0,160,,1420,21,,,0,135,,1421,21,,,0,120,,1422,21,,,0,160,,1423,21,,,0
1401,'5287',744,,1426,21,,,0,75,,1432,21,,,0,40,,1433,21,,,0,83,,1427,21,,,0,80,,1434,21,,,0,80,,1428,21,,,0,40,,1430,21,,,0,80,,1429,21,,,0,120,,1424,21,,,0,297,,1431,21,,,0,200,,1425,21,,,0
1401,'5288',1302,,1438,21,,,0,120,,1439,21,,,0,37,,1435,21,,,0,80,,1436,21,,,0,183,,1437,21,,,0
1401,'5298',1302,,1445,21,,,0,120,,1446,21,,,0,37,,1440,21,,,0,80,,1441,21,,,0,183,,1442,21,,,0,197,,1447,21,,,0,85,,1443,21,,,0,100,,1444,21,,,0
