100,'4159',1016,,474,9,,,0,35,,467,9,,,0,81,,475,9,,,0,79,,468,9,,,0,41,,469,9,,,0,94,,470,9,,,0,81,,471,9,,,0,79,,476,9,,,0,41,,472,9,,,0,77,,477,9,,,0,83,,473,9,,,0
100,'4614',737,,488,9,,,0,92,,485,9,0,5 2 6 3 7,0,80,,489,9,,,0,100,,490,9,,,0,18,,482,9,,,0,82,,486,9,,,0,44,,491,9,,,0,76,,487,9,,,0,80,,483,9,,,0,124,,478,9,,,0,76,,479,9,0,5 2 6 3 7,0,30,,484,9,,,0,70,,480,9,,,0,120,,481,9,,,0
100,'4616',946,,504,9,,,0,85,,505,9,,,0,75,,499,9,,,0,45,,506,9,,,0,80,,492,9,,,0,75,,493,9,,,0,45,,500,9,,,0,80,,494,9,,,0,80,,495,9,,,0,40,,496,9,,,0,75,,503,9,,,0,95,,497,9,,,0,102,,498,9,,,0,103,,501,9,,,0,100,,502,9,,,0
100,'4619',1349,,510,9,,,0,300,,507,9,,,0,178,,511,9,,,0,100,,508,9,,,0,100,,509,9,,,0
100,'4623',1349,,985,9,,,0,300,,982,9,,,0,178,,986,9,,,0,100,,983,9,,,0,100,,984,9,,,0
100,'4931',1349,,518,9,,,0,300,,517,9,,,0
100,'5087',737,,997,9,,,0,92,,994,9,0,5 2 6 3 7,0,80,,998,9,,,0,100,,999,9,,,0,18,,991,9,,,0,82,,995,9,,,0,44,,1000,9,,,0,76,,996,9,,,0,80,,992,9,,,0,124,,987,9,,,0,76,,988,9,0,5 2 6 3 7,0,30,,993,9,,,0,70,,989,9,,,0,120,,990,9,,,0
100,'5088',1349,,1002,9,,,0,300,,1001,9,,,0
100,'5284',946,,1015,9,,,0,85,,1016,9,,,0,75,,1010,9,,,0,45,,1017,9,,,0,80,,1003,9,,,0,75,,1004,9,,,0,45,,1011,9,,,0,80,,1005,9,,,0,80,,1006,9,,,0,40,,1007,9,,,0,75,,1014,9,,,0,95,,1008,9,,,0,102,,1009,9,,,0,103,,1012,9,,,0,100,,1013,9,,,0
100,'5285',1016,,1025,9,,,0,35,,1018,9,,,0,81,,1026,9,,,0,79,,1019,9,,,0,41,,1020,9,,,0,94,,1021,9,,,0,81,,1022,9,,,0,79,,1027,9,,,0,41,,1023,9,,,0,77,,1028,9,,,0,83,,1024,9,,,0
100,'5287',737,,1039,9,,,0,92,,1036,9,0,5 2 6 3 7,0,80,,1040,9,,,0,100,,1041,9,,,0,18,,1033,9,,,0,82,,1037,9,,,0,44,,1042,9,,,0,76,,1038,9,,,0,80,,1034,9,,,0,124,,1029,9,,,0,76,,1030,9,0,5 2 6 3 7,0,30,,1035,9,,,0,70,,1031,9,,,0,120,,1032,9,,,0
100,'5288',1349,,1044,9,,,0,300,,1043,9,,,0
100,'5298',1349,,1048,9,,,0,300,,1045,9,,,0,178,,1049,9,,,0,100,,1046,9,,,0,100,,1047,9,,,0
