3100,'4653',807,,1480,12,,,0,600,,1481,12,,,0
3100,'5403',807,,961,12,,,0,600,,962,12,,,0
3101,'4653',1221,,1482,8,,,0,427,,1483,8,,,0
3101,'5403',1221,,963,8,,,0,427,,964,8,,,0
3200,'4653',829,,1484,8,,,0,280,,1485,8,,,0,428,,1486,8,,,0
3200,'5403',829,,965,8,,,0,280,,966,8,,,0,428,,967,8,,,0
3201,'4653',918,,1487,4,,,0,240,,1488,4,,,0,468,,1489,4,,,0
3201,'5403',918,,968,4,,,0,240,,969,4,,,0,468,,970,4,,,0
3301,'4653',1000,,1490,8,,,0,46,,1491,8,,,0,408,,1492,8,,,0
3301,'5403',1000,,971,8,,,0,46,,972,8,,,0,408,,973,8,,,0
