301,'4159',1103,,658,3,,,0,120,,659,3,,,0,135,,660,3,,,0,160,,661,3,,,0,120,,662,3,,,0
301,'4614',737,,665,3,,,0,75,,667,3,,,0,24,,668,3,,,0,80,,666,3,,,0,107,,669,3,,,0,93,,670,3,,,0,100,,664,3,,,0,100,,663,3,,,0
301,'4616',917,,674,3,,,0,100,,675,3,,,0,100,,671,3,,,0,100,,680,3,,,0,103,,672,3,,,0,97,,678,3,,,0,100,,679,3,,,0,100,,673,3,,,0,100,,676,3,,,0,105,,677,3,,,0
301,'4619',1416,,681,3,,,0,100,,684,3,,,0,40,,682,3,,,0,100,,685,3,,,0,101,,683,3,,,0,86,,686,3,,,0
301,'4623',1416,,1173,3,,,0,100,,1176,3,,,0,40,,1174,3,,,0,100,,1177,3,,,0,101,,1175,3,,,0,86,,1178,3,,,0
301,'4931',1416,,693,3,,,0,100,,696,3,,,0,40,,694,3,,,0,100,,697,3,,,0,101,,695,3,,,0
301,'5087',737,,1181,3,,,0,75,,1183,3,,,0,24,,1184,3,,,0,80,,1182,3,,,0,107,,1185,3,,,0,93,,1186,3,,,0,100,,1180,3,,,0,100,,1179,3,,,0
301,'5088',1416,,1187,3,,,0,100,,1190,3,,,0,40,,1188,3,,,0,100,,1191,3,,,0,101,,1189,3,,,0
301,'5284',917,,1195,3,,,0,100,,1196,3,,,0,100,,1192,3,,,0,100,,1201,3,,,0,103,,1193,3,,,0,97,,1199,3,,,0,100,,1200,3,,,0,100,,1194,3,,,0,100,,1197,3,,,0,105,,1198,3,,,0
301,'5285',1103,,1202,3,,,0,120,,1203,3,,,0,135,,1204,3,,,0,160,,1205,3,,,0,120,,1206,3,,,0
301,'5287',737,,1209,3,,,0,75,,1211,3,,,0,24,,1212,3,,,0,80,,1210,3,,,0,107,,1213,3,,,0,93,,1214,3,,,0,100,,1208,3,,,0,100,,1207,3,,,0
301,'5288',1416,,1215,3,,,0,100,,1218,3,,,0,40,,1216,3,,,0,100,,1219,3,,,0,101,,1217,3,,,0
301,'5298',1416,,1220,3,,,0,100,,1223,3,,,0,40,,1221,3,,,0,100,,1224,3,,,0,101,,1222,3,,,0,86,,1225,3,,,0
700,'4159',1036,,810,3,,,0,115,,811,3,,,0,158,,812,3,,,0,137,,807,3,,,0,160,,808,3,,,0,120,,809,3,,,0
700,'4614',754,,819,3,,,0,57,,814,3,,,0,40,,815,3,,,0,100,,820,3,,,0,104,,822,3,,,0,96,,821,3,,,0,100,,816,3,,,0,100,,817,3,,,0,303,,818,3,,,0,88,,813,3,,,0
700,'4616',1001,,833,3,,,0,50,,823,3,,,0,100,,824,3,,,0,100,,834,3,,,0,100,,825,3,,,0,100,,831,3,,,0,100,,832,3,,,0,100,,828,3,,,0,100,,826,3,,,0,100,,827,3,,,0,92,,829,3,,,0,100,,830,3,,,0
700,'4619',1451,,839,3,,,0,80,,840,3,,,0,80,,835,3,,,0,231,,836,3,,,0,100,,837,3,,,0,100,,838,3,,,0
700,'4623',1451,,1326,3,,,0,80,,1327,3,,,0,80,,1322,3,,,0,231,,1323,3,,,0,100,,1324,3,,,0,100,,1325,3,,,0
700,'4931',1451,,848,3,,,0,80,,849,3,,,0,80,,847,3,,,0
700,'5087',754,,1334,3,,,0,57,,1329,3,,,0,40,,1330,3,,,0,100,,1335,3,,,0,104,,1337,3,,,0,96,,1336,3,,,0,100,,1331,3,,,0,100,,1332,3,,,0,303,,1333,3,,,0,88,,1328,3,,,0
700,'5088',1451,,1339,3,,,0,80,,1340,3,,,0,80,,1338,3,,,0
700,'5284',1001,,1351,3,,,0,50,,1341,3,,,0,100,,1342,3,,,0,100,,1352,3,,,0,100,,1343,3,,,0,100,,1349,3,,,0,100,,1350,3,,,0,100,,1346,3,,,0,100,,1344,3,,,0,100,,1345,3,,,0,92,,1347,3,,,0,100,,1348,3,,,0
700,'5285',1036,,1356,3,,,0,115,,1357,3,,,0,158,,1358,3,,,0,137,,1353,3,,,0,160,,1354,3,,,0,120,,1355,3,,,0
700,'5287',754,,1365,3,,,0,57,,1360,3,,,0,40,,1361,3,,,0,100,,1366,3,,,0,104,,1368,3,,,0,96,,1367,3,,,0,100,,1362,3,,,0,100,,1363,3,,,0,303,,1364,3,,,0,88,,1359,3,,,0
700,'5288',1451,,1370,3,,,0,80,,1371,3,,,0,80,,1369,3,,,0
700,'5298',1451,,1376,3,,,0,80,,1377,3,,,0,80,,1372,3,,,0,231,,1373,3,,,0,100,,1374,3,,,0,100,,1375,3,,,0
