200,'4159',1001,,609,4,,,0,116,,610,4,,,0,120,,611,4,,,0,175,,612,4,,,0,120,,613,4,,,0,120,,614,4,,,0
200,'4614',755,,616,4,,,0,80,,617,4,,,0,100,,620,4,,,0,104,,622,4,,,0,96,,621,4,,,0,100,,618,4,,,0,100,,619,4,,,0,422,,615,4,,,0
200,'4616',1031,,623,4,,,0,100,,624,4,,,0,100,,631,4,,,0,105,,625,4,,,0,95,,630,4,,,0,105,,629,4,,,0,95,,626,4,,,0,105,,627,4,,,0,100,,628,4,,,0
200,'4619',1432,,632,4,,,0,120,,633,4,,,0,85,,634,4,,,0,75,,635,4,,,0,145,,636,4,,,0
200,'4623',1432,,1124,4,,,0,120,,1125,4,,,0,85,,1126,4,,,0,75,,1127,4,,,0,145,,1128,4,,,0
200,'4931',1432,,642,4,,,0,120,,643,4,,,0,85,,644,4,,,0,75,,645,4,,,0
200,'5087',755,,1130,4,,,0,80,,1131,4,,,0,100,,1134,4,,,0,104,,1136,4,,,0,96,,1135,4,,,0,100,,1132,4,,,0,100,,1133,4,,,0,422,,1129,4,,,0
200,'5088',1432,,1137,4,,,0,120,,1138,4,,,0,85,,1139,4,,,0,75,,1140,4,,,0
200,'5284',1031,,1141,4,,,0,100,,1142,4,,,0,100,,1149,4,,,0,105,,1143,4,,,0,95,,1148,4,,,0,105,,1147,4,,,0,95,,1144,4,,,0,105,,1145,4,,,0,100,,1146,4,,,0
200,'5285',1001,,1150,4,,,0,116,,1151,4,,,0,120,,1152,4,,,0,175,,1153,4,,,0,120,,1154,4,,,0,120,,1155,4,,,0
200,'5287',755,,1157,4,,,0,80,,1158,4,,,0,100,,1161,4,,,0,104,,1163,4,,,0,96,,1162,4,,,0,100,,1159,4,,,0,100,,1160,4,,,0,422,,1156,4,,,0
200,'5288',1432,,1164,4,,,0,120,,1165,4,,,0,85,,1166,4,,,0,75,,1167,4,,,0
200,'5298',1432,,1168,4,,,0,120,,1169,4,,,0,85,,1170,4,,,0,75,,1171,4,,,0,145,,1172,4,,,0
