500,'4159',954,,733,12,,,0,105,,734,12,,,0,155,,735,12,,,0,189,,736,12,,,0,120,,731,12,,,0,120,,732,12,,,0,91,,737,12,,,0
500,'4614',802,,755,12,,,0,40,,752,12,,,0,17,,753,12,,,0,60,,743,12,,,0,23,,756,12,,,0,17,,744,12,,,0,80,,754,12,,,0,80,,745,12,,,0,40,,747,12,,,0,80,,746,12,,,0,120,,738,12,,,0,100,,748,12,,,0,80,,739,12,,,0,20,,749,12,,,0,60,,750,12,,,0,23,,740,12,,,0,60,,741,12,,,0,17,,751,12,,,0,100,,742,12,,,0
500,'4616',939,,760,12,,,0,100,,761,12,,,0,80,,769,12,,,0,40,,762,12,,,0,80,,763,12,,,0,80,,764,12,,,0,40,,757,12,,,0,80,,758,12,,,0,80,,759,12,,,0,40,,765,12,,,0,80,,766,12,,,0,103,,767,12,,,0,102,,768,12,,,0
500,'4619',1319,,774,12,,,0,120,,770,12,,,0,80,,771,12,,,0,220,,772,12,,,0,165,,773,12,,,0
500,'4623',1319,,1250,12,,,0,120,,1246,12,,,0,80,,1247,12,,,0,220,,1248,12,,,0,165,,1249,12,,,0
500,'4931',1319,,783,12,,,0,120,,780,12,,,0,80,,781,12,,,0,220,,782,12,,,0
500,'5087',802,,1268,12,,,0,40,,1265,12,,,0,17,,1266,12,,,0,60,,1256,12,,,0,23,,1269,12,,,0,17,,1257,12,,,0,80,,1267,12,,,0,80,,1258,12,,,0,40,,1260,12,,,0,80,,1259,12,,,0,120,,1251,12,,,0,100,,1261,12,,,0,80,,1252,12,,,0,20,,1262,12,,,0,60,,1263,12,,,0,23,,1253,12,,,0,60,,1254,12,,,0,17,,1264,12,,,0,100,,1255,12,,,0
500,'5088',1319,,1273,12,,,0,120,,1270,12,,,0,80,,1271,12,,,0,220,,1272,12,,,0
500,'5284',939,,1277,12,,,0,100,,1278,12,,,0,80,,1286,12,,,0,40,,1279,12,,,0,80,,1280,12,,,0,80,,1281,12,,,0,40,,1274,12,,,0,80,,1275,12,,,0,80,,1276,12,,,0,40,,1282,12,,,0,80,,1283,12,,,0,103,,1284,12,,,0,102,,1285,12,,,0
500,'5285',954,,1289,12,,,0,105,,1290,12,,,0,155,,1291,12,,,0,189,,1292,12,,,0,120,,1287,12,,,0,120,,1288,12,,,0,91,,1293,12,,,0
500,'5287',802,,1311,12,,,0,40,,1308,12,,,0,17,,1309,12,,,0,60,,1299,12,,,0,23,,1312,12,,,0,17,,1300,12,,,0,80,,1310,12,,,0,80,,1301,12,,,0,40,,1303,12,,,0,80,,1302,12,,,0,120,,1294,12,,,0,100,,1304,12,,,0,80,,1295,12,,,0,20,,1305,12,,,0,60,,1306,12,,,0,23,,1296,12,,,0,60,,1297,12,,,0,17,,1307,12,,,0,100,,1298,12,,,0
500,'5288',1319,,1316,12,,,0,120,,1313,12,,,0,80,,1314,12,,,0,220,,1315,12,,,0
500,'5298',1319,,1321,12,,,0,120,,1317,12,,,0,80,,1318,12,,,0,220,,1319,12,,,0,165,,1320,12,,,0
