101,'4159',1002,,543,3,,,0,35,,535,3,,,0,81,,544,3,,,0,39,,536,3,,,0,81,,537,3,,,0,94,,538,3,,,0,81,,539,3,,,0,39,,545,3,,,0,81,,540,3,,,0,77,,546,3,,,0,43,,541,3,,,0,89,,542,3,,,0
101,'4614',722,,557,3,,,0,90,,554,3,,,0,40,,558,3,,,0,100,,559,3,,,0,60,,551,3,,,0,40,,555,3,,,0,80,,560,3,,,0,80,,556,3,,,0,40,,552,3,,,0,160,,547,3,,,0,40,,548,3,,,0,70,,553,3,,,0,30,,549,3,,,0,160,,550,3,,,0
101,'4616',932,,574,3,,,0,85,,575,3,,,0,35,,568,3,,,0,85,,576,3,,,0,80,,561,3,,,0,35,,562,3,,,0,85,,569,3,,,0,80,,563,3,,,0,40,,564,3,,,0,80,,565,3,,,0,75,,573,3,,,0,95,,566,3,,,0,102,,567,3,,,0,103,,570,3,,,0,100,,571,3,,,0,100,,572,3,,,0
101,'4619',1332,,581,3,,,0,300,,577,3,,,0,180,,582,3,,,0,100,,578,3,,,0,100,,579,3,,,0,100,,580,3,,,0
101,'4623',1332,,1054,3,,,0,300,,1050,3,,,0,180,,1055,3,,,0,100,,1051,3,,,0,100,,1052,3,,,0,100,,1053,3,,,0
101,'4931',1332,,590,3,,,0,300,,589,3,,,0,180,,591,3,,,0
101,'5087',722,,1066,3,,,0,90,,1063,3,,,0,40,,1067,3,,,0,100,,1068,3,,,0,60,,1060,3,,,0,40,,1064,3,,,0,80,,1069,3,,,0,80,,1065,3,,,0,40,,1061,3,,,0,160,,1056,3,,,0,40,,1057,3,,,0,70,,1062,3,,,0,30,,1058,3,,,0,160,,1059,3,,,0
101,'5088',1332,,1071,3,,,0,300,,1070,3,,,0,180,,1072,3,,,0
101,'5284',932,,1086,3,,,0,85,,1087,3,,,0,35,,1080,3,,,0,85,,1088,3,,,0,80,,1073,3,,,0,35,,1074,3,,,0,85,,1081,3,,,0,80,,1075,3,,,0,40,,1076,3,,,0,80,,1077,3,,,0,75,,1085,3,,,0,95,,1078,3,,,0,102,,1079,3,,,0,103,,1082,3,,,0,100,,1083,3,,,0,100,,1084,3,,,0
101,'5285',1002,,1097,3,,,0,35,,1089,3,,,0,81,,1098,3,,,0,39,,1090,3,,,0,81,,1091,3,,,0,94,,1092,3,,,0,81,,1093,3,,,0,39,,1099,3,,,0,81,,1094,3,,,0,77,,1100,3,,,0,43,,1095,3,,,0,89,,1096,3,,,0
101,'5287',722,,1111,3,,,0,90,,1108,3,,,0,40,,1112,3,,,0,100,,1113,3,,,0,60,,1105,3,,,0,40,,1109,3,,,0,80,,1114,3,,,0,80,,1110,3,,,0,40,,1106,3,,,0,160,,1101,3,,,0,40,,1102,3,,,0,70,,1107,3,,,0,30,,1103,3,,,0,160,,1104,3,,,0
101,'5288',1332,,1116,3,,,0,300,,1115,3,,,0,180,,1117,3,,,0
101,'5298',1332,,1122,3,,,0,300,,1118,3,,,0,180,,1123,3,,,0,100,,1119,3,,,0,100,,1120,3,,,0,100,,1121,3,,,0
400,'4614',731,,713,3,,,0,400,,711,3,,,0,280,,712,3,,,0
400,'4619',1731,,714,3,,,0
400,'4623',1731,,1226,3,,,0
400,'4931',1731,,716,3,,,0
400,'5087',731,,1229,3,,,0,400,,1227,3,,,0,280,,1228,3,,,0
400,'5088',1731,,1230,3,,,0
400,'5287',731,,1233,3,,,0,400,,1231,3,,,0,280,,1232,3,,,0
400,'5288',1731,,1234,3,,,0
400,'5298',1731,,1235,3,,,0
