500,'4159',947,,733,5,,,0,105,,734,5,,,0,155,,735,5,,,0,149,,736,5,,,0,160,,731,5,,,0,120,,732,5,,,0,91,,737,5,,,0
500,'4614',755,,755,5,,,0,80,,752,5,,,0,17,,753,5,,,0,60,,743,5,,,0,23,,756,5,,,0,17,,744,5,,,0,80,,754,5,,,0,80,,745,5,,,0,40,,747,5,,,0,80,,746,5,,,0,120,,738,5,,,0,100,,748,5,,,0,80,,739,5,,,0,20,,749,5,,,0,60,,750,5,,,0,23,,740,5,,,0,20,,741,5,,,0,57,,751,5,,,0,100,,742,5,,,0
500,'4616',932,,760,5,,,0,100,,761,5,,,0,80,,769,5,,,0,40,,762,5,,,0,80,,763,5,,,0,80,,764,5,,,0,40,,757,5,,,0,80,,758,5,,,0,80,,759,5,,,0,40,,765,5,,,0,80,,766,5,,,0,103,,767,5,,,0,102,,768,5,,,0
500,'4619',1312,,774,5,,,0,120,,770,5,,,0,80,,771,5,,,0,220,,772,5,,,0,125,,773,5,,,0
500,'4623',1312,,1250,5,,,0,120,,1246,5,,,0,80,,1247,5,,,0,220,,1248,5,,,0,125,,1249,5,,,0
500,'4931',1312,,783,5,,,0,120,,780,5,,,0,80,,781,5,,,0,220,,782,5,,,0
500,'5087',755,,1268,5,,,0,80,,1265,5,,,0,17,,1266,5,,,0,60,,1256,5,,,0,23,,1269,5,,,0,17,,1257,5,,,0,80,,1267,5,,,0,80,,1258,5,,,0,40,,1260,5,,,0,80,,1259,5,,,0,120,,1251,5,,,0,100,,1261,5,,,0,80,,1252,5,,,0,20,,1262,5,,,0,60,,1263,5,,,0,23,,1253,5,,,0,20,,1254,5,,,0,57,,1264,5,,,0,100,,1255,5,,,0
500,'5088',1312,,1273,5,,,0,120,,1270,5,,,0,80,,1271,5,,,0,220,,1272,5,,,0
500,'5284',932,,1277,5,,,0,100,,1278,5,,,0,80,,1286,5,,,0,40,,1279,5,,,0,80,,1280,5,,,0,80,,1281,5,,,0,40,,1274,5,,,0,80,,1275,5,,,0,80,,1276,5,,,0,40,,1282,5,,,0,80,,1283,5,,,0,103,,1284,5,,,0,102,,1285,5,,,0
500,'5285',947,,1289,5,,,0,105,,1290,5,,,0,155,,1291,5,,,0,149,,1292,5,,,0,160,,1287,5,,,0,120,,1288,5,,,0,91,,1293,5,,,0
500,'5287',755,,1311,5,,,0,80,,1308,5,,,0,17,,1309,5,,,0,60,,1299,5,,,0,23,,1312,5,,,0,17,,1300,5,,,0,80,,1310,5,,,0,80,,1301,5,,,0,40,,1303,5,,,0,80,,1302,5,,,0,120,,1294,5,,,0,100,,1304,5,,,0,80,,1295,5,,,0,20,,1305,5,,,0,60,,1306,5,,,0,23,,1296,5,,,0,20,,1297,5,,,0,57,,1307,5,,,0,100,,1298,5,,,0
500,'5288',1312,,1316,5,,,0,120,,1313,5,,,0,80,,1314,5,,,0,220,,1315,5,,,0
500,'5298',1312,,1321,5,,,0,120,,1317,5,,,0,80,,1318,5,,,0,220,,1319,5,,,0,125,,1320,5,,,0
