1401,'4159',1018,,863,9,,,0,116,,864,9,,,0,120,,865,9,,,0,175,,866,9,,,0,120,,867,9,,,0,160,,868,9,,,0
1401,'4614',738,,871,9,,,0,75,,877,9,,,0,40,,878,9,,,0,83,,872,9,,,0,80,,879,9,,,0,40,,873,9,,,0,80,,875,9,,,0,80,,874,9,,,0,120,,869,9,,,0,297,,876,9,,,0,200,,870,9,,,0
1401,'4616',918,,894,9,,,0,40,,884,9,,,0,98,,895,9,,,0,80,,885,9,,,0,80,,886,9,,,0,40,,887,9,,,0,80,,880,9,,,0,80,,881,9,,,0,40,,882,9,,,0,80,,893,9,,,0,80,,888,9,,,0,35,,883,9,,,0,102,,889,9,,,0,103,,890,9,,,0,102,,891,9,,,0,100,,892,9,,,0
1401,'4619',1256,,901,9,,,0,160,,902,9,,,0,37,,896,9,,,0,80,,897,9,,,0,183,,898,9,,,0,197,,903,9,,,0,45,,899,9,,,0,100,,900,9,,,0
1401,'4623',1256,,1383,9,,,0,160,,1384,9,,,0,37,,1378,9,,,0,80,,1379,9,,,0,183,,1380,9,,,0,197,,1385,9,,,0,45,,1381,9,,,0,100,,1382,9,,,0
1401,'4931',1256,,915,9,,,0,160,,916,9,,,0,37,,912,9,,,0,80,,913,9,,,0,183,,914,9,,,0
1401,'5087',738,,1388,9,,,0,75,,1394,9,,,0,40,,1395,9,,,0,83,,1389,9,,,0,80,,1396,9,,,0,40,,1390,9,,,0,80,,1392,9,,,0,80,,1391,9,,,0,120,,1386,9,,,0,297,,1393,9,,,0,200,,1387,9,,,0
1401,'5088',1256,,1400,9,,,0,160,,1401,9,,,0,37,,1397,9,,,0,80,,1398,9,,,0,183,,1399,9,,,0
1401,'5284',918,,1416,9,,,0,40,,1406,9,,,0,98,,1417,9,,,0,80,,1407,9,,,0,80,,1408,9,,,0,40,,1409,9,,,0,80,,1402,9,,,0,80,,1403,9,,,0,40,,1404,9,,,0,80,,1415,9,,,0,80,,1410,9,,,0,35,,1405,9,,,0,102,,1411,9,,,0,103,,1412,9,,,0,102,,1413,9,,,0,100,,1414,9,,,0
1401,'5285',1018,,1418,9,,,0,116,,1419,9,,,0,120,,1420,9,,,0,175,,1421,9,,,0,120,,1422,9,,,0,160,,1423,9,,,0
1401,'5287',738,,1426,9,,,0,75,,1432,9,,,0,40,,1433,9,,,0,83,,1427,9,,,0,80,,1434,9,,,0,40,,1428,9,,,0,80,,1430,9,,,0,80,,1429,9,,,0,120,,1424,9,,,0,297,,1431,9,,,0,200,,1425,9,,,0
1401,'5288',1256,,1438,9,,,0,160,,1439,9,,,0,37,,1435,9,,,0,80,,1436,9,,,0,183,,1437,9,,,0
1401,'5298',1256,,1445,9,,,0,160,,1446,9,,,0,37,,1440,9,,,0,80,,1441,9,,,0,183,,1442,9,,,0,197,,1447,9,,,0,45,,1443,9,,,0,100,,1444,9,,,0
