301,'4159',1111,,658,20,,,0,120,,659,20,,,0,175,,660,20,,,0,120,,661,20,,,0,120,,662,20,,,0
301,'4614',746,,665,20,,,0,75,,667,20,,,0,24,,668,20,,,0,80,,666,20,,,0,107,,669,20,,,0,93,,670,20,,,0,100,,664,20,,,0,100,,663,20,,,0
301,'4616',925,,674,20,,,0,100,,675,20,,,0,100,,671,20,,,0,100,,680,20,,,0,103,,672,20,,,0,97,,678,20,,,0,100,,679,20,,,0,100,,673,20,,,0,100,,676,20,,,0,105,,677,20,,,0
301,'4619',1425,,681,20,,,0,100,,684,20,,,0,80,,682,20,,,0,100,,685,20,,,0,101,,683,20,,,0,46,,686,20,,,0
301,'4623',1425,,1173,20,,,0,100,,1176,20,,,0,80,,1174,20,,,0,100,,1177,20,,,0,101,,1175,20,,,0,46,,1178,20,,,0
301,'4931',1425,,693,20,,,0,100,,696,20,,,0,80,,694,20,,,0,100,,697,20,,,0,101,,695,20,,,0
301,'5087',746,,1181,20,,,0,75,,1183,20,,,0,24,,1184,20,,,0,80,,1182,20,,,0,107,,1185,20,,,0,93,,1186,20,,,0,100,,1180,20,,,0,100,,1179,20,,,0
301,'5088',1425,,1187,20,,,0,100,,1190,20,,,0,80,,1188,20,,,0,100,,1191,20,,,0,101,,1189,20,,,0
301,'5284',925,,1195,20,,,0,100,,1196,20,,,0,100,,1192,20,,,0,100,,1201,20,,,0,103,,1193,20,,,0,97,,1199,20,,,0,100,,1200,20,,,0,100,,1194,20,,,0,100,,1197,20,,,0,105,,1198,20,,,0
301,'5285',1111,,1202,20,,,0,120,,1203,20,,,0,175,,1204,20,,,0,120,,1205,20,,,0,120,,1206,20,,,0
301,'5287',746,,1209,20,,,0,75,,1211,20,,,0,24,,1212,20,,,0,80,,1210,20,,,0,107,,1213,20,,,0,93,,1214,20,,,0,100,,1208,20,,,0,100,,1207,20,,,0
301,'5288',1425,,1215,20,,,0,100,,1218,20,,,0,80,,1216,20,,,0,100,,1219,20,,,0,101,,1217,20,,,0
301,'5298',1425,,1220,20,,,0,100,,1223,20,,,0,80,,1221,20,,,0,100,,1224,20,,,0,101,,1222,20,,,0,46,,1225,20,,,0
