1401,'4159',1017,,863,7,,,0,116,,864,7,,,0,120,,865,7,,,0,175,,866,7,,,0,120,,867,7,,,0,160,,868,7,,,0
1401,'4614',737,,871,7,,,0,75,,877,7,,,0,40,,878,7,,,0,83,,872,7,,,0,80,,879,7,,,0,40,,873,7,,,0,80,,875,7,,,0,80,,874,7,,,0,120,,869,7,,,0,297,,876,7,,,0,200,,870,7,,,0
1401,'4616',917,,894,7,,,0,40,,884,7,,,0,98,,895,7,,,0,80,,885,7,,,0,80,,886,7,,,0,40,,887,7,,,0,80,,880,7,,,0,80,,881,7,,,0,40,,882,7,,,0,80,,893,7,,,0,80,,888,7,,,0,35,,883,7,,,0,102,,889,7,,,0,103,,890,7,,,0,102,,891,7,,,0,100,,892,7,,,0
1401,'4619',1255,,901,7,,,0,160,,902,7,,,0,37,,896,7,,,0,80,,897,7,,,0,183,,898,7,,,0,197,,903,7,,,0,45,,899,7,,,0,100,,900,7,,,0
1401,'4623',1255,,1383,7,,,0,160,,1384,7,,,0,37,,1378,7,,,0,80,,1379,7,,,0,183,,1380,7,,,0,197,,1385,7,,,0,45,,1381,7,,,0,100,,1382,7,,,0
1401,'4931',1255,,915,7,,,0,160,,916,7,,,0,37,,912,7,,,0,80,,913,7,,,0,183,,914,7,,,0
1401,'5087',737,,1388,7,,,0,75,,1394,7,,,0,40,,1395,7,,,0,83,,1389,7,,,0,80,,1396,7,,,0,40,,1390,7,,,0,80,,1392,7,,,0,80,,1391,7,,,0,120,,1386,7,,,0,297,,1393,7,,,0,200,,1387,7,,,0
1401,'5088',1255,,1400,7,,,0,160,,1401,7,,,0,37,,1397,7,,,0,80,,1398,7,,,0,183,,1399,7,,,0
1401,'5284',917,,1416,7,,,0,40,,1406,7,,,0,98,,1417,7,,,0,80,,1407,7,,,0,80,,1408,7,,,0,40,,1409,7,,,0,80,,1402,7,,,0,80,,1403,7,,,0,40,,1404,7,,,0,80,,1415,7,,,0,80,,1410,7,,,0,35,,1405,7,,,0,102,,1411,7,,,0,103,,1412,7,,,0,102,,1413,7,,,0,100,,1414,7,,,0
1401,'5285',1017,,1418,7,,,0,116,,1419,7,,,0,120,,1420,7,,,0,175,,1421,7,,,0,120,,1422,7,,,0,160,,1423,7,,,0
1401,'5287',737,,1426,7,,,0,75,,1432,7,,,0,40,,1433,7,,,0,83,,1427,7,,,0,80,,1434,7,,,0,40,,1428,7,,,0,80,,1430,7,,,0,80,,1429,7,,,0,120,,1424,7,,,0,297,,1431,7,,,0,200,,1425,7,,,0
1401,'5288',1255,,1438,7,,,0,160,,1439,7,,,0,37,,1435,7,,,0,80,,1436,7,,,0,183,,1437,7,,,0
1401,'5298',1255,,1445,7,,,0,160,,1446,7,,,0,37,,1440,7,,,0,80,,1441,7,,,0,183,,1442,7,,,0,197,,1447,7,,,0,45,,1443,7,,,0,100,,1444,7,,,0
