200,'4159',1009,,609,20,,,0,116,,610,20,,,0,120,,611,20,,,0,175,,612,20,,,0,120,,613,20,,,0,160,,614,20,,,0
200,'4614',803,,616,20,,,0,40,,617,20,,,0,100,,620,20,,,0,104,,622,20,,,0,96,,621,20,,,0,100,,618,20,,,0,100,,619,20,,,0,462,,615,20,,,0
200,'4616',1039,,623,20,,,0,100,,624,20,,,0,100,,631,20,,,0,105,,625,20,,,0,95,,630,20,,,0,105,,629,20,,,0,95,,626,20,,,0,105,,627,20,,,0,100,,628,20,,,0
200,'4619',1440,,632,20,,,0,160,,633,20,,,0,45,,634,20,,,0,75,,635,20,,,0,185,,636,20,,,0
200,'4623',1440,,1124,20,,,0,160,,1125,20,,,0,45,,1126,20,,,0,75,,1127,20,,,0,185,,1128,20,,,0
200,'4931',1440,,642,20,,,0,160,,643,20,,,0,45,,644,20,,,0,75,,645,20,,,0
200,'5087',803,,1130,20,,,0,40,,1131,20,,,0,100,,1134,20,,,0,104,,1136,20,,,0,96,,1135,20,,,0,100,,1132,20,,,0,100,,1133,20,,,0,462,,1129,20,,,0
200,'5088',1440,,1137,20,,,0,160,,1138,20,,,0,45,,1139,20,,,0,75,,1140,20,,,0
200,'5284',1039,,1141,20,,,0,100,,1142,20,,,0,100,,1149,20,,,0,105,,1143,20,,,0,95,,1148,20,,,0,105,,1147,20,,,0,95,,1144,20,,,0,105,,1145,20,,,0,100,,1146,20,,,0
200,'5285',1009,,1150,20,,,0,116,,1151,20,,,0,120,,1152,20,,,0,175,,1153,20,,,0,120,,1154,20,,,0,160,,1155,20,,,0
200,'5287',803,,1157,20,,,0,40,,1158,20,,,0,100,,1161,20,,,0,104,,1163,20,,,0,96,,1162,20,,,0,100,,1159,20,,,0,100,,1160,20,,,0,462,,1156,20,,,0
200,'5288',1440,,1164,20,,,0,160,,1165,20,,,0,45,,1166,20,,,0,75,,1167,20,,,0
200,'5298',1440,,1168,20,,,0,160,,1169,20,,,0,45,,1170,20,,,0,75,,1171,20,,,0,185,,1172,20,,,0
1401,'4159',1025,,863,23,,,0,116,,864,23,,,0,160,,865,23,,,0,135,,866,23,,,0,120,,867,23,,,0,160,,868,23,,,0
1401,'4614',745,,871,23,,,0,75,,877,23,,,0,80,,878,23,,,0,43,,872,23,,,0,80,,879,23,,,0,80,,873,23,,,0,40,,875,23,,,0,80,,874,23,,,0,120,,869,23,,,0,297,,876,23,,,0,200,,870,23,,,0
1401,'4616',925,,894,23,,,0,80,,884,23,,,0,98,,895,23,,,0,40,,885,23,,,0,80,,886,23,,,0,80,,887,23,,,0,40,,880,23,,,0,80,,881,23,,,0,80,,882,23,,,0,40,,893,23,,,0,80,,888,23,,,0,35,,883,23,,,0,142,,889,23,,,0,103,,890,23,,,0,102,,891,23,,,0,100,,892,23,,,0
1401,'4619',1303,,901,23,,,0,120,,902,23,,,0,77,,896,23,,,0,40,,897,23,,,0,183,,898,23,,,0,197,,903,23,,,0,85,,899,23,,,0,100,,900,23,,,0
1401,'4623',1303,,1383,23,,,0,120,,1384,23,,,0,77,,1378,23,,,0,40,,1379,23,,,0,183,,1380,23,,,0,197,,1385,23,,,0,85,,1381,23,,,0,100,,1382,23,,,0
1401,'4931',1303,,915,23,,,0,120,,916,23,,,0,77,,912,23,,,0,40,,913,23,,,0,183,,914,23,,,0
1401,'5087',745,,1388,23,,,0,75,,1394,23,,,0,80,,1395,23,,,0,43,,1389,23,,,0,80,,1396,23,,,0,80,,1390,23,,,0,40,,1392,23,,,0,80,,1391,23,,,0,120,,1386,23,,,0,297,,1393,23,,,0,200,,1387,23,,,0
1401,'5088',1303,,1400,23,,,0,120,,1401,23,,,0,77,,1397,23,,,0,40,,1398,23,,,0,183,,1399,23,,,0
1401,'5284',925,,1416,23,,,0,80,,1406,23,,,0,98,,1417,23,,,0,40,,1407,23,,,0,80,,1408,23,,,0,80,,1409,23,,,0,40,,1402,23,,,0,80,,1403,23,,,0,80,,1404,23,,,0,40,,1415,23,,,0,80,,1410,23,,,0,35,,1405,23,,,0,142,,1411,23,,,0,103,,1412,23,,,0,102,,1413,23,,,0,100,,1414,23,,,0
1401,'5285',1025,,1418,23,,,0,116,,1419,23,,,0,160,,1420,23,,,0,135,,1421,23,,,0,120,,1422,23,,,0,160,,1423,23,,,0
1401,'5287',745,,1426,23,,,0,75,,1432,23,,,0,80,,1433,23,,,0,43,,1427,23,,,0,80,,1434,23,,,0,80,,1428,23,,,0,40,,1430,23,,,0,80,,1429,23,,,0,120,,1424,23,,,0,297,,1431,23,,,0,200,,1425,23,,,0
1401,'5288',1303,,1438,23,,,0,120,,1439,23,,,0,77,,1435,23,,,0,40,,1436,23,,,0,183,,1437,23,,,0
1401,'5298',1303,,1445,23,,,0,120,,1446,23,,,0,77,,1440,23,,,0,40,,1441,23,,,0,183,,1442,23,,,0,197,,1447,23,,,0,85,,1443,23,,,0,100,,1444,23,,,0
