200,'4159',1006,,609,15,,,0,116,,610,15,,,0,120,,611,15,,,0,175,,612,15,,,0,120,,613,15,,,0,120,,614,15,,,0
200,'4614',800,,616,15,,,0,40,,617,15,,,0,100,,620,15,,,0,104,,622,15,,,0,96,,621,15,,,0,100,,618,15,,,0,100,,619,15,,,0,462,,615,15,,,0
200,'4616',1036,,623,15,,,0,100,,624,15,,,0,100,,631,15,,,0,105,,625,15,,,0,95,,630,15,,,0,105,,629,15,,,0,95,,626,15,,,0,105,,627,15,,,0,100,,628,15,,,0
200,'4619',1437,,632,15,,,0,120,,633,15,,,0,85,,634,15,,,0,75,,635,15,,,0,185,,636,15,,,0
200,'4623',1437,,1124,15,,,0,120,,1125,15,,,0,85,,1126,15,,,0,75,,1127,15,,,0,185,,1128,15,,,0
200,'4931',1437,,642,15,,,0,120,,643,15,,,0,85,,644,15,,,0,75,,645,15,,,0
200,'5087',800,,1130,15,,,0,40,,1131,15,,,0,100,,1134,15,,,0,104,,1136,15,,,0,96,,1135,15,,,0,100,,1132,15,,,0,100,,1133,15,,,0,462,,1129,15,,,0
200,'5088',1437,,1137,15,,,0,120,,1138,15,,,0,85,,1139,15,,,0,75,,1140,15,,,0
200,'5284',1036,,1141,15,,,0,100,,1142,15,,,0,100,,1149,15,,,0,105,,1143,15,,,0,95,,1148,15,,,0,105,,1147,15,,,0,95,,1144,15,,,0,105,,1145,15,,,0,100,,1146,15,,,0
200,'5285',1006,,1150,15,,,0,116,,1151,15,,,0,120,,1152,15,,,0,175,,1153,15,,,0,120,,1154,15,,,0,120,,1155,15,,,0
200,'5287',800,,1157,15,,,0,40,,1158,15,,,0,100,,1161,15,,,0,104,,1163,15,,,0,96,,1162,15,,,0,100,,1159,15,,,0,100,,1160,15,,,0,462,,1156,15,,,0
200,'5288',1437,,1164,15,,,0,120,,1165,15,,,0,85,,1166,15,,,0,75,,1167,15,,,0
200,'5298',1437,,1168,15,,,0,120,,1169,15,,,0,85,,1170,15,,,0,75,,1171,15,,,0,185,,1172,15,,,0
