301,'4159',1107,,658,10,,,0,120,,659,10,,,0,175,,660,10,,,0,120,,661,10,,,0,120,,662,10,,,0
301,'4614',741,,665,10,,,0,75,,667,10,,,0,24,,668,10,,,0,80,,666,10,,,0,107,,669,10,,,0,93,,670,10,,,0,100,,664,10,,,0,100,,663,10,,,0
301,'4616',921,,674,10,,,0,100,,675,10,,,0,100,,671,10,,,0,100,,680,10,,,0,103,,672,10,,,0,97,,678,10,,,0,100,,679,10,,,0,100,,673,10,,,0,100,,676,10,,,0,105,,677,10,,,0
301,'4619',1420,,681,10,,,0,100,,684,10,,,0,80,,682,10,,,0,100,,685,10,,,0,101,,683,10,,,0,46,,686,10,,,0
301,'4623',1420,,1173,10,,,0,100,,1176,10,,,0,80,,1174,10,,,0,100,,1177,10,,,0,101,,1175,10,,,0,46,,1178,10,,,0
301,'4931',1420,,693,10,,,0,100,,696,10,,,0,80,,694,10,,,0,100,,697,10,,,0,101,,695,10,,,0
301,'5087',741,,1181,10,,,0,75,,1183,10,,,0,24,,1184,10,,,0,80,,1182,10,,,0,107,,1185,10,,,0,93,,1186,10,,,0,100,,1180,10,,,0,100,,1179,10,,,0
301,'5088',1420,,1187,10,,,0,100,,1190,10,,,0,80,,1188,10,,,0,100,,1191,10,,,0,101,,1189,10,,,0
301,'5284',921,,1195,10,,,0,100,,1196,10,,,0,100,,1192,10,,,0,100,,1201,10,,,0,103,,1193,10,,,0,97,,1199,10,,,0,100,,1200,10,,,0,100,,1194,10,,,0,100,,1197,10,,,0,105,,1198,10,,,0
301,'5285',1107,,1202,10,,,0,120,,1203,10,,,0,175,,1204,10,,,0,120,,1205,10,,,0,120,,1206,10,,,0
301,'5287',741,,1209,10,,,0,75,,1211,10,,,0,24,,1212,10,,,0,80,,1210,10,,,0,107,,1213,10,,,0,93,,1214,10,,,0,100,,1208,10,,,0,100,,1207,10,,,0
301,'5288',1420,,1215,10,,,0,100,,1218,10,,,0,80,,1216,10,,,0,100,,1219,10,,,0,101,,1217,10,,,0
301,'5298',1420,,1220,10,,,0,100,,1223,10,,,0,80,,1221,10,,,0,100,,1224,10,,,0,101,,1222,10,,,0,46,,1225,10,,,0
