200,'4159',1011,,609,23,,,0,116,,610,23,,,0,120,,611,23,,,0,175,,612,23,,,0,120,,613,23,,,0,160,,614,23,,,0
200,'4614',805,,616,23,,,0,40,,617,23,,,0,100,,620,23,,,0,104,,622,23,,,0,96,,621,23,,,0,100,,618,23,,,0,100,,619,23,,,0,462,,615,23,,,0
200,'4616',1041,,623,23,,,0,100,,624,23,,,0,100,,631,23,,,0,105,,625,23,,,0,95,,630,23,,,0,105,,629,23,,,0,95,,626,23,,,0,105,,627,23,,,0,100,,628,23,,,0
200,'4619',1442,,632,23,,,0,160,,633,23,,,0,45,,634,23,,,0,75,,635,23,,,0,185,,636,23,,,0
200,'4623',1442,,1124,23,,,0,160,,1125,23,,,0,45,,1126,23,,,0,75,,1127,23,,,0,185,,1128,23,,,0
200,'4931',1442,,642,23,,,0,160,,643,23,,,0,45,,644,23,,,0,75,,645,23,,,0
200,'5087',805,,1130,23,,,0,40,,1131,23,,,0,100,,1134,23,,,0,104,,1136,23,,,0,96,,1135,23,,,0,100,,1132,23,,,0,100,,1133,23,,,0,462,,1129,23,,,0
200,'5088',1442,,1137,23,,,0,160,,1138,23,,,0,45,,1139,23,,,0,75,,1140,23,,,0
200,'5284',1041,,1141,23,,,0,100,,1142,23,,,0,100,,1149,23,,,0,105,,1143,23,,,0,95,,1148,23,,,0,105,,1147,23,,,0,95,,1144,23,,,0,105,,1145,23,,,0,100,,1146,23,,,0
200,'5285',1011,,1150,23,,,0,116,,1151,23,,,0,120,,1152,23,,,0,175,,1153,23,,,0,120,,1154,23,,,0,160,,1155,23,,,0
200,'5287',805,,1157,23,,,0,40,,1158,23,,,0,100,,1161,23,,,0,104,,1163,23,,,0,96,,1162,23,,,0,100,,1159,23,,,0,100,,1160,23,,,0,462,,1156,23,,,0
200,'5288',1442,,1164,23,,,0,160,,1165,23,,,0,45,,1166,23,,,0,75,,1167,23,,,0
200,'5298',1442,,1168,23,,,0,160,,1169,23,,,0,45,,1170,23,,,0,75,,1171,23,,,0,185,,1172,23,,,0
1401,'4159',1027,,863,26,,,0,116,,864,26,,,0,160,,865,26,,,0,135,,866,26,,,0,120,,867,26,,,0,160,,868,26,,,0
1401,'4614',747,,871,26,,,0,76,,877,26,,,0,79,,878,26,,,0,43,,872,26,,,0,80,,879,26,,,0,80,,873,26,,,0,40,,875,26,,,0,80,,874,26,,,0,120,,869,26,,,0,297,,876,26,,,0,200,,870,26,,,0
1401,'4616',927,,894,26,,,0,80,,884,26,,,0,98,,895,26,,,0,40,,885,26,,,0,80,,886,26,,,0,80,,887,26,,,0,40,,880,26,,,0,80,,881,26,,,0,80,,882,26,,,0,40,,893,26,,,0,80,,888,26,,,0,75,,883,26,,,0,102,,889,26,,,0,103,,890,26,,,0,102,,891,26,,,0,100,,892,26,,,0
1401,'4619',1305,,901,26,,,0,120,,902,26,,,0,77,,896,26,,,0,40,,897,26,,,0,183,,898,26,,,0,197,,903,26,,,0,85,,899,26,,,0,100,,900,26,,,0
1401,'4623',1305,,1383,26,,,0,120,,1384,26,,,0,77,,1378,26,,,0,40,,1379,26,,,0,183,,1380,26,,,0,197,,1385,26,,,0,85,,1381,26,,,0,100,,1382,26,,,0
1401,'4931',1305,,915,26,,,0,120,,916,26,,,0,77,,912,26,,,0,40,,913,26,,,0,183,,914,26,,,0
1401,'5087',747,,1388,26,,,0,75,,1394,26,,,0,80,,1395,26,,,0,43,,1389,26,,,0,80,,1396,26,,,0,80,,1390,26,,,0,40,,1392,26,,,0,80,,1391,26,,,0,120,,1386,26,,,0,297,,1393,26,,,0,200,,1387,26,,,0
1401,'5088',1305,,1400,26,,,0,120,,1401,26,,,0,77,,1397,26,,,0,40,,1398,26,,,0,183,,1399,26,,,0
1401,'5284',927,,1416,26,,,0,80,,1406,26,,,0,98,,1417,26,,,0,40,,1407,26,,,0,80,,1408,26,,,0,80,,1409,26,,,0,40,,1402,26,,,0,80,,1403,26,,,0,80,,1404,26,,,0,40,,1415,26,,,0,80,,1410,26,,,0,75,,1405,26,,,0,102,,1411,26,,,0,103,,1412,26,,,0,102,,1413,26,,,0,100,,1414,26,,,0
1401,'5285',1027,,1418,26,,,0,116,,1419,26,,,0,160,,1420,26,,,0,135,,1421,26,,,0,120,,1422,26,,,0,160,,1423,26,,,0
1401,'5287',747,,1426,26,,,0,76,,1432,26,,,0,79,,1433,26,,,0,43,,1427,26,,,0,80,,1434,26,,,0,80,,1428,26,,,0,40,,1430,26,,,0,80,,1429,26,,,0,120,,1424,26,,,0,297,,1431,26,,,0,200,,1425,26,,,0
1401,'5288',1305,,1438,26,,,0,120,,1439,26,,,0,77,,1435,26,,,0,40,,1436,26,,,0,183,,1437,26,,,0
1401,'5298',1305,,1445,26,,,0,120,,1446,26,,,0,77,,1440,26,,,0,40,,1441,26,,,0,183,,1442,26,,,0,197,,1447,26,,,0,85,,1443,26,,,0,100,,1444,26,,,0
