301,'4159',1109,,658,14,,,0,120,,659,14,,,0,175,,660,14,,,0,120,,661,14,,,0,120,,662,14,,,0
301,'4614',743,,665,14,,,0,75,,667,14,,,0,24,,668,14,,,0,80,,666,14,,,0,107,,669,14,,,0,93,,670,14,,,0,100,,664,14,,,0,100,,663,14,,,0
301,'4616',923,,674,14,,,0,100,,675,14,,,0,100,,671,14,,,0,100,,680,14,,,0,103,,672,14,,,0,97,,678,14,,,0,100,,679,14,,,0,100,,673,14,,,0,100,,676,14,,,0,105,,677,14,,,0
301,'4619',1422,,681,14,,,0,100,,684,14,,,0,80,,682,14,,,0,100,,685,14,,,0,101,,683,14,,,0,46,,686,14,,,0
301,'4623',1422,,1173,14,,,0,100,,1176,14,,,0,80,,1174,14,,,0,100,,1177,14,,,0,101,,1175,14,,,0,46,,1178,14,,,0
301,'4931',1422,,693,14,,,0,100,,696,14,,,0,80,,694,14,,,0,100,,697,14,,,0,101,,695,14,,,0
301,'5087',743,,1181,14,,,0,75,,1183,14,,,0,24,,1184,14,,,0,80,,1182,14,,,0,107,,1185,14,,,0,93,,1186,14,,,0,100,,1180,14,,,0,100,,1179,14,,,0
301,'5088',1422,,1187,14,,,0,100,,1190,14,,,0,80,,1188,14,,,0,100,,1191,14,,,0,101,,1189,14,,,0
301,'5284',923,,1195,14,,,0,100,,1196,14,,,0,100,,1192,14,,,0,100,,1201,14,,,0,103,,1193,14,,,0,97,,1199,14,,,0,100,,1200,14,,,0,100,,1194,14,,,0,100,,1197,14,,,0,105,,1198,14,,,0
301,'5285',1109,,1202,14,,,0,120,,1203,14,,,0,175,,1204,14,,,0,120,,1205,14,,,0,120,,1206,14,,,0
301,'5287',743,,1209,14,,,0,75,,1211,14,,,0,24,,1212,14,,,0,80,,1210,14,,,0,107,,1213,14,,,0,93,,1214,14,,,0,100,,1208,14,,,0,100,,1207,14,,,0
301,'5288',1422,,1215,14,,,0,100,,1218,14,,,0,80,,1216,14,,,0,100,,1219,14,,,0,101,,1217,14,,,0
301,'5298',1422,,1220,14,,,0,100,,1223,14,,,0,80,,1221,14,,,0,100,,1224,14,,,0,101,,1222,14,,,0,46,,1225,14,,,0
