100,'4614',740,,1039,11,,,0,96,,1036,18,0,5 2 6 3 7,0,76,,1040,11,,,0,100,,1041,11,,,0,18,,1033,11,,,0,82,,1037,11,,,0,44,,1042,11,,,0,76,,1038,11,,,0,80,,1034,11,,,0,124,,1029,11,,,0,80,,1030,18,0,5 2 6 3 7,0,26,,1035,11,,,0,70,,1031,11,,,0,120,,1032,11,,,0
100,'4619',1352,,1048,11,,,0,300,,1045,11,,,0,178,,1049,11,,,0,100,,1046,11,,,0,100,,1047,11,,,0
100,'4623',1352,,985,11,,,0,300,,982,11,,,0,178,,986,11,,,0,100,,983,11,,,0,100,,984,11,,,0
100,'4931',1352,,1044,11,,,0,300,,1043,11,,,0
100,'5087',740,,997,11,,,0,96,,994,18,0,5 2 6 3 7,0,76,,998,11,,,0,100,,999,11,,,0,18,,991,11,,,0,82,,995,11,,,0,44,,1000,11,,,0,76,,996,11,,,0,80,,992,11,,,0,124,,987,11,,,0,80,,988,18,0,5 2 6 3 7,0,26,,993,11,,,0,70,,989,11,,,0,120,,990,11,,,0
100,'5088',1352,,1002,11,,,0,300,,1001,11,,,0
100,'5284',949,,1015,11,,,0,85,,1016,11,,,0,75,,1010,11,,,0,45,,1017,11,,,0,80,,1003,11,,,0,75,,1004,11,,,0,45,,1011,11,,,0,80,,1005,11,,,0,80,,1006,11,,,0,40,,1007,11,,,0,75,,1014,11,,,0,95,,1008,11,,,0,102,,1009,11,,,0,103,,1012,11,,,0,100,,1013,11,,,0
100,'5285',1019,,1025,11,,,0,35,,1018,11,,,0,81,,1026,11,,,0,79,,1019,11,,,0,41,,1020,11,,,0,94,,1021,11,,,0,81,,1022,11,,,0,79,,1027,11,,,0,41,,1023,11,,,0,77,,1028,11,,,0,83,,1024,11,,,0
100,'5403',740,,529,11,,,0,96,,526,18,0,5 2 6 3 7,0,76,,530,11,,,0,100,,531,11,,,0,18,,523,11,,,0,82,,527,11,,,0,44,,532,11,,,0,76,,528,11,,,0,80,,524,11,,,0,40,,534,11,,,0,84,,519,11,,,0,80,,520,18,0,5 2 6 3 7,0,26,,525,11,,,0,70,,521,11,,,0,40,,533,11,,,0,80,,522,11,,,0
101,'4614',726,,1111,10,,,0,90,,1108,10,,,0,40,,1112,10,,,0,100,,1113,10,,,0,60,,1105,10,,,0,40,,1109,10,,,0,80,,1114,10,,,0,80,,1110,10,,,0,40,,1106,10,,,0,160,,1101,10,,,0,40,,1102,10,,,0,70,,1107,10,,,0,30,,1103,10,,,0,160,,1104,10,,,0
101,'4619',1336,,1122,10,,,0,300,,1118,10,,,0,180,,1123,10,,,0,100,,1119,10,,,0,100,,1120,10,,,0,100,,1121,10,,,0
101,'4623',1336,,1054,10,,,0,300,,1050,10,,,0,180,,1055,10,,,0,100,,1051,10,,,0,100,,1052,10,,,0,100,,1053,10,,,0
101,'4931',1336,,1116,10,,,0,300,,1115,10,,,0,180,,1117,10,,,0
101,'5087',726,,1066,10,,,0,90,,1063,10,,,0,40,,1067,10,,,0,100,,1068,10,,,0,60,,1060,10,,,0,40,,1064,10,,,0,80,,1069,10,,,0,80,,1065,10,,,0,40,,1061,10,,,0,160,,1056,10,,,0,40,,1057,10,,,0,70,,1062,10,,,0,30,,1058,10,,,0,160,,1059,10,,,0
101,'5088',1336,,1071,10,,,0,300,,1070,10,,,0,180,,1072,10,,,0
101,'5284',936,,1086,10,,,0,85,,1087,10,,,0,35,,1080,10,,,0,85,,1088,10,,,0,80,,1073,10,,,0,35,,1074,10,,,0,85,,1081,10,,,0,80,,1075,10,,,0,80,,1076,10,,,0,40,,1077,10,,,0,75,,1085,10,,,0,95,,1078,10,,,0,102,,1079,10,,,0,103,,1082,10,,,0,100,,1083,10,,,0,100,,1084,10,,,0
101,'5285',1006,,1097,10,,,0,35,,1089,10,,,0,81,,1098,10,,,0,79,,1090,10,,,0,41,,1091,10,,,0,94,,1092,10,,,0,81,,1093,10,,,0,39,,1099,10,,,0,81,,1094,10,,,0,77,,1100,10,,,0,43,,1095,10,,,0,89,,1096,10,,,0
101,'5403',726,,602,10,,,0,90,,599,10,,,0,40,,603,10,,,0,100,,604,10,,,0,60,,596,10,,,0,40,,600,10,,,0,80,,605,10,,,0,80,,601,10,,,0,40,,597,10,,,0,80,,607,10,,,0,80,,592,10,,,0,40,,593,10,,,0,70,,598,10,,,0,30,,594,10,,,0,80,,606,10,,,0,80,,595,10,,,0,100,,608,10,,,0
