700,'4159',1040,,810,10,,,0,115,,811,10,,,0,158,,812,10,,,0,137,,807,10,,,0,160,,808,10,,,0,120,,809,10,,,0
700,'4614',758,,819,10,,,0,57,,814,10,,,0,40,,815,10,,,0,100,,820,10,,,0,104,,822,10,,,0,96,,821,10,,,0,100,,816,10,,,0,100,,817,10,,,0,303,,818,10,,,0,88,,813,10,,,0
700,'4616',1005,,833,10,,,0,50,,823,10,,,0,100,,824,10,,,0,100,,834,10,,,0,100,,825,10,,,0,100,,831,10,,,0,100,,832,10,,,0,100,,828,10,,,0,100,,826,10,,,0,100,,827,10,,,0,92,,829,10,,,0,100,,830,10,,,0
700,'4619',1455,,839,10,,,0,80,,840,10,,,0,80,,835,10,,,0,231,,836,10,,,0,100,,837,10,,,0,100,,838,10,,,0
700,'4623',1455,,1326,10,,,0,80,,1327,10,,,0,80,,1322,10,,,0,231,,1323,10,,,0,100,,1324,10,,,0,100,,1325,10,,,0
700,'4931',1455,,848,10,,,0,80,,849,10,,,0,80,,847,10,,,0
700,'5087',758,,1334,10,,,0,57,,1329,10,,,0,40,,1330,10,,,0,100,,1335,10,,,0,104,,1337,10,,,0,96,,1336,10,,,0,100,,1331,10,,,0,100,,1332,10,,,0,303,,1333,10,,,0,88,,1328,10,,,0
700,'5088',1455,,1339,10,,,0,80,,1340,10,,,0,80,,1338,10,,,0
700,'5284',1005,,1351,10,,,0,50,,1341,10,,,0,100,,1342,10,,,0,100,,1352,10,,,0,100,,1343,10,,,0,100,,1349,10,,,0,100,,1350,10,,,0,100,,1346,10,,,0,100,,1344,10,,,0,100,,1345,10,,,0,92,,1347,10,,,0,100,,1348,10,,,0
700,'5285',1040,,1356,10,,,0,115,,1357,10,,,0,158,,1358,10,,,0,137,,1353,10,,,0,160,,1354,10,,,0,120,,1355,10,,,0
700,'5287',758,,1365,10,,,0,57,,1360,10,,,0,40,,1361,10,,,0,100,,1366,10,,,0,104,,1368,10,,,0,96,,1367,10,,,0,100,,1362,10,,,0,100,,1363,10,,,0,303,,1364,10,,,0,88,,1359,10,,,0
700,'5288',1455,,1370,10,,,0,80,,1371,10,,,0,80,,1369,10,,,0
700,'5298',1455,,1376,10,,,0,80,,1377,10,,,0,80,,1372,10,,,0,231,,1373,10,,,0,100,,1374,10,,,0,100,,1375,10,,,0
