700,'4159',1040,,810,11,,,0,115,,811,11,,,0,158,,812,11,,,0,137,,807,11,,,0,160,,808,11,,,0,120,,809,11,,,0
700,'4614',759,,819,11,,,0,57,,814,11,,,0,40,,815,11,,,0,100,,820,11,,,0,144,,822,11,,,0,56,,821,11,,,0,100,,816,11,,,0,100,,817,11,,,0,303,,818,11,,,0,88,,813,11,,,0
700,'4616',1005,,833,11,,,0,50,,823,11,,,0,100,,824,11,,,0,100,,834,11,,,0,100,,825,11,,,0,100,,831,11,,,0,100,,832,11,,,0,100,,828,11,,,0,100,,826,11,,,0,100,,827,11,,,0,92,,829,11,,,0,100,,830,11,,,0
700,'4619',1456,,839,11,,,0,80,,840,11,,,0,80,,835,11,,,0,231,,836,11,,,0,100,,837,11,,,0,100,,838,11,,,0
700,'4623',1456,,1326,11,,,0,80,,1327,11,,,0,80,,1322,11,,,0,231,,1323,11,,,0,100,,1324,11,,,0,100,,1325,11,,,0
700,'4931',1456,,848,11,,,0,80,,849,11,,,0,80,,847,11,,,0
700,'5087',759,,1334,11,,,0,57,,1329,11,,,0,40,,1330,11,,,0,100,,1335,11,,,0,144,,1337,11,,,0,56,,1336,11,,,0,100,,1331,11,,,0,100,,1332,11,,,0,303,,1333,11,,,0,88,,1328,11,,,0
700,'5088',1456,,1339,11,,,0,80,,1340,11,,,0,80,,1338,11,,,0
700,'5284',1005,,1351,11,,,0,50,,1341,11,,,0,100,,1342,11,,,0,100,,1352,11,,,0,100,,1343,11,,,0,100,,1349,11,,,0,100,,1350,11,,,0,100,,1346,11,,,0,100,,1344,11,,,0,100,,1345,11,,,0,92,,1347,11,,,0,100,,1348,11,,,0
700,'5285',1040,,1356,11,,,0,115,,1357,11,,,0,158,,1358,11,,,0,137,,1353,11,,,0,160,,1354,11,,,0,120,,1355,11,,,0
700,'5287',759,,1365,11,,,0,57,,1360,11,,,0,40,,1361,11,,,0,100,,1366,11,,,0,144,,1368,11,,,0,56,,1367,11,,,0,100,,1362,11,,,0,100,,1363,11,,,0,303,,1364,11,,,0,88,,1359,11,,,0
700,'5288',1456,,1370,11,,,0,80,,1371,11,,,0,80,,1369,11,,,0
700,'5298',1456,,1376,11,,,0,80,,1377,11,,,0,80,,1372,11,,,0,231,,1373,11,,,0,100,,1374,11,,,0,100,,1375,11,,,0
