400,'4614',741,,713,21,,,0,400,,711,21,,,0,280,,712,21,,,0
400,'4619',1741,,714,21,,,0
400,'4623',1741,,1226,21,,,0
400,'4931',1741,,716,21,,,0
400,'5087',741,,1229,21,,,0,400,,1227,21,,,0,280,,1228,21,,,0
400,'5088',1741,,1230,21,,,0
400,'5287',741,,1233,21,,,0,400,,1231,21,,,0,280,,1232,21,,,0
400,'5288',1741,,1234,21,,,0
400,'5298',1741,,1235,21,,,0
401,'4614',756,,723,9,,,0,400,,721,9,,,0,280,,722,9,,,0
401,'4619',1756,,724,9,,,0
401,'4623',1756,,1236,9,,,0
401,'4931',1756,,726,9,,,0
401,'5087',756,,1239,9,,,0,400,,1237,9,,,0,280,,1238,9,,,0
401,'5088',1756,,1240,9,,,0
401,'5287',756,,1243,9,,,0,400,,1241,9,,,0,280,,1242,9,,,0
401,'5288',1756,,1244,9,,,0
401,'5298',1756,,1245,9,,,0
