301,'4159',1107,,658,11,,,0,120,,659,11,,,0,175,,660,11,,,0,120,,661,11,,,0,120,,662,11,,,0
301,'4614',741,,665,11,,,0,75,,667,11,,,0,24,,668,11,,,0,80,,666,11,,,0,107,,669,11,,,0,93,,670,11,,,0,100,,664,11,,,0,100,,663,11,,,0
301,'4616',921,,674,11,,,0,100,,675,11,,,0,100,,671,11,,,0,100,,680,11,,,0,103,,672,11,,,0,97,,678,11,,,0,100,,679,11,,,0,100,,673,11,,,0,100,,676,11,,,0,105,,677,11,,,0
301,'4619',1420,,681,11,,,0,100,,684,11,,,0,80,,682,11,,,0,100,,685,11,,,0,101,,683,11,,,0,46,,686,11,,,0
301,'4623',1420,,1173,11,,,0,100,,1176,11,,,0,80,,1174,11,,,0,100,,1177,11,,,0,101,,1175,11,,,0,46,,1178,11,,,0
301,'4931',1420,,693,11,,,0,100,,696,11,,,0,80,,694,11,,,0,100,,697,11,,,0,101,,695,11,,,0
301,'5087',741,,1181,11,,,0,75,,1183,11,,,0,24,,1184,11,,,0,80,,1182,11,,,0,107,,1185,11,,,0,93,,1186,11,,,0,100,,1180,11,,,0,100,,1179,11,,,0
301,'5088',1420,,1187,11,,,0,100,,1190,11,,,0,80,,1188,11,,,0,100,,1191,11,,,0,101,,1189,11,,,0
301,'5284',921,,1195,11,,,0,100,,1196,11,,,0,100,,1192,11,,,0,100,,1201,11,,,0,103,,1193,11,,,0,97,,1199,11,,,0,100,,1200,11,,,0,100,,1194,11,,,0,100,,1197,11,,,0,105,,1198,11,,,0
301,'5285',1107,,1202,11,,,0,120,,1203,11,,,0,175,,1204,11,,,0,120,,1205,11,,,0,120,,1206,11,,,0
301,'5287',741,,1209,11,,,0,75,,1211,11,,,0,24,,1212,11,,,0,80,,1210,11,,,0,107,,1213,11,,,0,93,,1214,11,,,0,100,,1208,11,,,0,100,,1207,11,,,0
301,'5288',1420,,1215,11,,,0,100,,1218,11,,,0,80,,1216,11,,,0,100,,1219,11,,,0,101,,1217,11,,,0
301,'5298',1420,,1220,11,,,0,100,,1223,11,,,0,80,,1221,11,,,0,100,,1224,11,,,0,101,,1222,11,,,0,46,,1225,11,,,0
