100,'4159',1015,,474,5,,,0,35,,467,5,,,0,81,,475,5,,,0,79,,468,5,,,0,41,,469,5,,,0,94,,470,5,,,0,81,,471,5,,,0,79,,476,5,,,0,41,,472,5,,,0,77,,477,5,,,0,83,,473,5,,,0
100,'4614',736,,488,5,,,0,92,,485,5,0,5 2 6 3 7,0,80,,489,5,,,0,100,,490,5,,,0,18,,482,5,,,0,82,,486,5,,,0,44,,491,5,,,0,76,,487,5,,,0,80,,483,5,,,0,124,,478,5,,,0,76,,479,5,0,5 2 6 3 7,0,30,,484,5,,,0,70,,480,5,,,0,120,,481,5,,,0
100,'4616',945,,504,5,,,0,85,,505,5,,,0,75,,499,5,,,0,45,,506,5,,,0,80,,492,5,,,0,75,,493,5,,,0,45,,500,5,,,0,80,,494,5,,,0,80,,495,5,,,0,40,,496,5,,,0,75,,503,5,,,0,95,,497,5,,,0,102,,498,5,,,0,103,,501,5,,,0,100,,502,5,,,0
100,'4619',1348,,510,5,,,0,300,,507,5,,,0,178,,511,5,,,0,100,,508,5,,,0,100,,509,5,,,0
100,'4623',1348,,985,5,,,0,300,,982,5,,,0,178,,986,5,,,0,100,,983,5,,,0,100,,984,5,,,0
100,'4931',1348,,518,5,,,0,300,,517,5,,,0
100,'5087',736,,997,5,,,0,92,,994,5,0,5 2 6 3 7,0,80,,998,5,,,0,100,,999,5,,,0,18,,991,5,,,0,82,,995,5,,,0,44,,1000,5,,,0,76,,996,5,,,0,80,,992,5,,,0,124,,987,5,,,0,76,,988,5,0,5 2 6 3 7,0,30,,993,5,,,0,70,,989,5,,,0,120,,990,5,,,0
100,'5088',1348,,1002,5,,,0,300,,1001,5,,,0
100,'5284',945,,1015,5,,,0,85,,1016,5,,,0,75,,1010,5,,,0,45,,1017,5,,,0,80,,1003,5,,,0,75,,1004,5,,,0,45,,1011,5,,,0,80,,1005,5,,,0,80,,1006,5,,,0,40,,1007,5,,,0,75,,1014,5,,,0,95,,1008,5,,,0,102,,1009,5,,,0,103,,1012,5,,,0,100,,1013,5,,,0
100,'5285',1015,,1025,5,,,0,35,,1018,5,,,0,81,,1026,5,,,0,79,,1019,5,,,0,41,,1020,5,,,0,94,,1021,5,,,0,81,,1022,5,,,0,79,,1027,5,,,0,41,,1023,5,,,0,77,,1028,5,,,0,83,,1024,5,,,0
100,'5287',736,,1039,5,,,0,92,,1036,5,0,5 2 6 3 7,0,80,,1040,5,,,0,100,,1041,5,,,0,18,,1033,5,,,0,82,,1037,5,,,0,44,,1042,5,,,0,76,,1038,5,,,0,80,,1034,5,,,0,124,,1029,5,,,0,76,,1030,5,0,5 2 6 3 7,0,30,,1035,5,,,0,70,,1031,5,,,0,120,,1032,5,,,0
100,'5288',1348,,1044,5,,,0,300,,1043,5,,,0
100,'5298',1348,,1048,5,,,0,300,,1045,5,,,0,178,,1049,5,,,0,100,,1046,5,,,0,100,,1047,5,,,0
