101,'4159',1002,,543,4,,,0,35,,535,4,,,0,81,,544,4,,,0,39,,536,4,,,0,81,,537,4,,,0,94,,538,4,,,0,81,,539,4,,,0,39,,545,4,,,0,81,,540,4,,,0,77,,546,4,,,0,43,,541,4,,,0,89,,542,4,,,0
101,'4614',722,,557,4,,,0,90,,554,4,,,0,40,,558,4,,,0,100,,559,4,,,0,60,,551,4,,,0,40,,555,4,,,0,80,,560,4,,,0,80,,556,4,,,0,40,,552,4,,,0,160,,547,4,,,0,40,,548,4,,,0,70,,553,4,,,0,30,,549,4,,,0,160,,550,4,,,0
101,'4616',932,,574,4,,,0,85,,575,4,,,0,35,,568,4,,,0,85,,576,4,,,0,80,,561,4,,,0,35,,562,4,,,0,85,,569,4,,,0,80,,563,4,,,0,40,,564,4,,,0,80,,565,4,,,0,75,,573,4,,,0,95,,566,4,,,0,102,,567,4,,,0,103,,570,4,,,0,100,,571,4,,,0,100,,572,4,,,0
101,'4619',1332,,581,4,,,0,300,,577,4,,,0,180,,582,4,,,0,100,,578,4,,,0,100,,579,4,,,0,100,,580,4,,,0
101,'4623',1332,,1054,4,,,0,300,,1050,4,,,0,180,,1055,4,,,0,100,,1051,4,,,0,100,,1052,4,,,0,100,,1053,4,,,0
101,'4931',1332,,590,4,,,0,300,,589,4,,,0,180,,591,4,,,0
101,'5087',722,,1066,4,,,0,90,,1063,4,,,0,40,,1067,4,,,0,100,,1068,4,,,0,60,,1060,4,,,0,40,,1064,4,,,0,80,,1069,4,,,0,80,,1065,4,,,0,40,,1061,4,,,0,160,,1056,4,,,0,40,,1057,4,,,0,70,,1062,4,,,0,30,,1058,4,,,0,160,,1059,4,,,0
101,'5088',1332,,1071,4,,,0,300,,1070,4,,,0,180,,1072,4,,,0
101,'5284',932,,1086,4,,,0,85,,1087,4,,,0,35,,1080,4,,,0,85,,1088,4,,,0,80,,1073,4,,,0,35,,1074,4,,,0,85,,1081,4,,,0,80,,1075,4,,,0,40,,1076,4,,,0,80,,1077,4,,,0,75,,1085,4,,,0,95,,1078,4,,,0,102,,1079,4,,,0,103,,1082,4,,,0,100,,1083,4,,,0,100,,1084,4,,,0
101,'5285',1002,,1097,4,,,0,35,,1089,4,,,0,81,,1098,4,,,0,39,,1090,4,,,0,81,,1091,4,,,0,94,,1092,4,,,0,81,,1093,4,,,0,39,,1099,4,,,0,81,,1094,4,,,0,77,,1100,4,,,0,43,,1095,4,,,0,89,,1096,4,,,0
101,'5287',722,,1111,4,,,0,90,,1108,4,,,0,40,,1112,4,,,0,100,,1113,4,,,0,60,,1105,4,,,0,40,,1109,4,,,0,80,,1114,4,,,0,80,,1110,4,,,0,40,,1106,4,,,0,160,,1101,4,,,0,40,,1102,4,,,0,70,,1107,4,,,0,30,,1103,4,,,0,160,,1104,4,,,0
101,'5288',1332,,1116,4,,,0,300,,1115,4,,,0,180,,1117,4,,,0
101,'5298',1332,,1122,4,,,0,300,,1118,4,,,0,180,,1123,4,,,0,100,,1119,4,,,0,100,,1120,4,,,0,100,,1121,4,,,0
