101,'4159',1005,,543,9,,,0,35,,535,9,,,0,81,,544,9,,,0,79,,536,9,,,0,41,,537,9,,,0,94,,538,9,,,0,81,,539,9,,,0,39,,545,9,,,0,81,,540,9,,,0,77,,546,9,,,0,43,,541,9,,,0,89,,542,9,,,0
101,'4614',725,,557,9,,,0,90,,554,9,,,0,40,,558,9,,,0,100,,559,9,,,0,60,,551,9,,,0,40,,555,9,,,0,80,,560,9,,,0,80,,556,9,,,0,40,,552,9,,,0,160,,547,9,,,0,40,,548,9,,,0,70,,553,9,,,0,30,,549,9,,,0,160,,550,9,,,0
101,'4616',935,,574,9,,,0,85,,575,9,,,0,35,,568,9,,,0,85,,576,9,,,0,80,,561,9,,,0,35,,562,9,,,0,85,,569,9,,,0,80,,563,9,,,0,80,,564,9,,,0,40,,565,9,,,0,75,,573,9,,,0,95,,566,9,,,0,102,,567,9,,,0,103,,570,9,,,0,100,,571,9,,,0,100,,572,9,,,0
101,'4619',1335,,581,9,,,0,300,,577,9,,,0,180,,582,9,,,0,100,,578,9,,,0,100,,579,9,,,0,100,,580,9,,,0
101,'4623',1335,,1054,9,,,0,300,,1050,9,,,0,180,,1055,9,,,0,100,,1051,9,,,0,100,,1052,9,,,0,100,,1053,9,,,0
101,'4931',1335,,590,9,,,0,300,,589,9,,,0,180,,591,9,,,0
101,'5087',725,,1066,9,,,0,90,,1063,9,,,0,40,,1067,9,,,0,100,,1068,9,,,0,60,,1060,9,,,0,40,,1064,9,,,0,80,,1069,9,,,0,80,,1065,9,,,0,40,,1061,9,,,0,160,,1056,9,,,0,40,,1057,9,,,0,70,,1062,9,,,0,30,,1058,9,,,0,160,,1059,9,,,0
101,'5088',1335,,1071,9,,,0,300,,1070,9,,,0,180,,1072,9,,,0
101,'5284',935,,1086,9,,,0,85,,1087,9,,,0,35,,1080,9,,,0,85,,1088,9,,,0,80,,1073,9,,,0,35,,1074,9,,,0,85,,1081,9,,,0,80,,1075,9,,,0,80,,1076,9,,,0,40,,1077,9,,,0,75,,1085,9,,,0,95,,1078,9,,,0,102,,1079,9,,,0,103,,1082,9,,,0,100,,1083,9,,,0,100,,1084,9,,,0
101,'5285',1005,,1097,9,,,0,35,,1089,9,,,0,81,,1098,9,,,0,79,,1090,9,,,0,41,,1091,9,,,0,94,,1092,9,,,0,81,,1093,9,,,0,39,,1099,9,,,0,81,,1094,9,,,0,77,,1100,9,,,0,43,,1095,9,,,0,89,,1096,9,,,0
101,'5287',725,,1111,9,,,0,90,,1108,9,,,0,40,,1112,9,,,0,100,,1113,9,,,0,60,,1105,9,,,0,40,,1109,9,,,0,80,,1114,9,,,0,80,,1110,9,,,0,40,,1106,9,,,0,160,,1101,9,,,0,40,,1102,9,,,0,70,,1107,9,,,0,30,,1103,9,,,0,160,,1104,9,,,0
101,'5288',1335,,1116,9,,,0,300,,1115,9,,,0,180,,1117,9,,,0
101,'5298',1335,,1122,9,,,0,300,,1118,9,,,0,180,,1123,9,,,0,100,,1119,9,,,0,100,,1120,9,,,0,100,,1121,9,,,0
