100,'4159',1016,,474,8,,,0,35,,467,8,,,0,81,,475,8,,,0,79,,468,8,,,0,41,,469,8,,,0,94,,470,8,,,0,81,,471,8,,,0,79,,476,8,,,0,41,,472,8,,,0,77,,477,8,,,0,83,,473,8,,,0
100,'4614',737,,488,8,,,0,92,,485,8,0,5 2 6 3 7,0,80,,489,8,,,0,100,,490,8,,,0,18,,482,8,,,0,82,,486,8,,,0,44,,491,8,,,0,76,,487,8,,,0,80,,483,8,,,0,124,,478,8,,,0,76,,479,8,0,5 2 6 3 7,0,30,,484,8,,,0,70,,480,8,,,0,120,,481,8,,,0
100,'4616',946,,504,8,,,0,85,,505,8,,,0,75,,499,8,,,0,45,,506,8,,,0,80,,492,8,,,0,75,,493,8,,,0,45,,500,8,,,0,80,,494,8,,,0,80,,495,8,,,0,40,,496,8,,,0,75,,503,8,,,0,95,,497,8,,,0,102,,498,8,,,0,103,,501,8,,,0,100,,502,8,,,0
100,'4619',1349,,510,8,,,0,300,,507,8,,,0,178,,511,8,,,0,100,,508,8,,,0,100,,509,8,,,0
100,'4623',1349,,985,8,,,0,300,,982,8,,,0,178,,986,8,,,0,100,,983,8,,,0,100,,984,8,,,0
100,'4931',1349,,518,8,,,0,300,,517,8,,,0
100,'5087',737,,997,8,,,0,92,,994,8,0,5 2 6 3 7,0,80,,998,8,,,0,100,,999,8,,,0,18,,991,8,,,0,82,,995,8,,,0,44,,1000,8,,,0,76,,996,8,,,0,80,,992,8,,,0,124,,987,8,,,0,76,,988,8,0,5 2 6 3 7,0,30,,993,8,,,0,70,,989,8,,,0,120,,990,8,,,0
100,'5088',1349,,1002,8,,,0,300,,1001,8,,,0
100,'5284',946,,1015,8,,,0,85,,1016,8,,,0,75,,1010,8,,,0,45,,1017,8,,,0,80,,1003,8,,,0,75,,1004,8,,,0,45,,1011,8,,,0,80,,1005,8,,,0,80,,1006,8,,,0,40,,1007,8,,,0,75,,1014,8,,,0,95,,1008,8,,,0,102,,1009,8,,,0,103,,1012,8,,,0,100,,1013,8,,,0
100,'5285',1016,,1025,8,,,0,35,,1018,8,,,0,81,,1026,8,,,0,79,,1019,8,,,0,41,,1020,8,,,0,94,,1021,8,,,0,81,,1022,8,,,0,79,,1027,8,,,0,41,,1023,8,,,0,77,,1028,8,,,0,83,,1024,8,,,0
100,'5287',737,,1039,8,,,0,92,,1036,8,0,5 2 6 3 7,0,80,,1040,8,,,0,100,,1041,8,,,0,18,,1033,8,,,0,82,,1037,8,,,0,44,,1042,8,,,0,76,,1038,8,,,0,80,,1034,8,,,0,124,,1029,8,,,0,76,,1030,8,0,5 2 6 3 7,0,30,,1035,8,,,0,70,,1031,8,,,0,120,,1032,8,,,0
100,'5288',1349,,1044,8,,,0,300,,1043,8,,,0
100,'5298',1349,,1048,8,,,0,300,,1045,8,,,0,178,,1049,8,,,0,100,,1046,8,,,0,100,,1047,8,,,0
