301,'4159',1105,,658,7,,,0,120,,659,7,,,0,175,,660,7,,,0,120,,661,7,,,0,120,,662,7,,,0
301,'4614',739,,665,7,,,0,75,,667,7,,,0,24,,668,7,,,0,80,,666,7,,,0,107,,669,7,,,0,93,,670,7,,,0,100,,664,7,,,0,100,,663,7,,,0
301,'4616',919,,674,7,,,0,100,,675,7,,,0,100,,671,7,,,0,100,,680,7,,,0,103,,672,7,,,0,97,,678,7,,,0,100,,679,7,,,0,100,,673,7,,,0,100,,676,7,,,0,105,,677,7,,,0
301,'4619',1418,,681,7,,,0,100,,684,7,,,0,40,,682,7,,,0,100,,685,7,,,0,101,,683,7,,,0,86,,686,7,,,0
301,'4623',1418,,1173,7,,,0,100,,1176,7,,,0,40,,1174,7,,,0,100,,1177,7,,,0,101,,1175,7,,,0,86,,1178,7,,,0
301,'4931',1418,,693,7,,,0,100,,696,7,,,0,40,,694,7,,,0,100,,697,7,,,0,101,,695,7,,,0
301,'5087',739,,1181,7,,,0,75,,1183,7,,,0,24,,1184,7,,,0,80,,1182,7,,,0,107,,1185,7,,,0,93,,1186,7,,,0,100,,1180,7,,,0,100,,1179,7,,,0
301,'5088',1418,,1187,7,,,0,100,,1190,7,,,0,40,,1188,7,,,0,100,,1191,7,,,0,101,,1189,7,,,0
301,'5284',919,,1195,7,,,0,100,,1196,7,,,0,100,,1192,7,,,0,100,,1201,7,,,0,103,,1193,7,,,0,97,,1199,7,,,0,100,,1200,7,,,0,100,,1194,7,,,0,100,,1197,7,,,0,105,,1198,7,,,0
301,'5285',1105,,1202,7,,,0,120,,1203,7,,,0,175,,1204,7,,,0,120,,1205,7,,,0,120,,1206,7,,,0
301,'5287',739,,1209,7,,,0,75,,1211,7,,,0,24,,1212,7,,,0,80,,1210,7,,,0,107,,1213,7,,,0,93,,1214,7,,,0,100,,1208,7,,,0,100,,1207,7,,,0
301,'5288',1418,,1215,7,,,0,100,,1218,7,,,0,40,,1216,7,,,0,100,,1219,7,,,0,101,,1217,7,,,0
301,'5298',1418,,1220,7,,,0,100,,1223,7,,,0,40,,1221,7,,,0,100,,1224,7,,,0,101,,1222,7,,,0,86,,1225,7,,,0
