1,100,'4159',467,468,469,470,471,472,473,474,475,476,477
1,100,'4614',478,479,480,481,482,483,484,485,486,487,488,489,490,491
1,100,'4616',492,493,494,495,496,497,498,499,500,501,502,503,504,505,506
1,100,'4619',507,508,509,510,511
1,100,'4623',512,513,514,515,516,982,983,984,985,986
1,100,'4931',517,518
1,100,'5087',519,520,521,522,523,524,525,526,527,528,529,530,531,532,987,988,989,990,991,992,993,994,995,996,997,998,999,1000
1,100,'5088',533,534,1001,1002
1,100,'5284',1003,1004,1005,1006,1007,1008,1009,1010,1011,1012,1013,1014,1015,1016,1017
1,100,'5285',1018,1019,1020,1021,1022,1023,1024,1025,1026,1027,1028
1,100,'5287',1029,1030,1031,1032,1033,1034,1035,1036,1037,1038,1039,1040,1041,1042
1,100,'5288',1043,1044
1,100,'5298',1045,1046,1047,1048,1049
1,101,'4159',535,536,537,538,539,540,541,542,543,544,545,546
1,101,'4614',547,548,549,550,551,552,553,554,555,556,557,558,559,560
1,101,'4616',561,562,563,564,565,566,567,568,569,570,571,572,573,574,575,576
1,101,'4619',577,578,579,580,581,582
1,101,'4623',583,584,585,586,587,588,1050,1051,1052,1053,1054,1055
1,101,'4931',589,590,591
1,101,'5087',592,593,594,595,596,597,598,599,600,601,602,603,604,605,1056,1057,1058,1059,1060,1061,1062,1063,1064,1065,1066,1067,1068,1069
1,101,'5088',606,607,608,1070,1071,1072
1,101,'5284',1073,1074,1075,1076,1077,1078,1079,1080,1081,1082,1083,1084,1085,1086,1087,1088
1,101,'5285',1089,1090,1091,1092,1093,1094,1095,1096,1097,1098,1099,1100
1,101,'5287',1101,1102,1103,1104,1105,1106,1107,1108,1109,1110,1111,1112,1113,1114
1,101,'5288',1115,1116,1117
1,101,'5298',1118,1119,1120,1121,1122,1123
2,200,'4159',609,610,611,612,613,614
2,200,'4614',615,616,617,618,619,620,621,622
2,200,'4616',623,624,625,626,627,628,629,630,631
2,200,'4619',632,633,634,635,636
2,200,'4623',637,638,639,640,641,1124,1125,1126,1127,1128
2,200,'4931',642,643,644,645
2,200,'5087',646,647,648,649,650,651,652,653,1129,1130,1131,1132,1133,1134,1135,1136
2,200,'5088',654,655,656,657,1137,1138,1139,1140
2,200,'5284',1141,1142,1143,1144,1145,1146,1147,1148,1149
2,200,'5285',1150,1151,1152,1153,1154,1155
2,200,'5287',1156,1157,1158,1159,1160,1161,1162,1163
2,200,'5288',1164,1165,1166,1167
2,200,'5298',1168,1169,1170,1171,1172
3,301,'4159',658,659,660,661,662
3,301,'4614',663,664,665,666,667,668,669,670
3,301,'4616',671,672,673,674,675,676,677,678,679,680
3,301,'4619',681,682,683,684,685,686
3,301,'4623',687,688,689,690,691,692,1173,1174,1175,1176,1177,1178
3,301,'4931',693,694,695,696,697
3,301,'5087',698,699,700,701,702,703,704,705,1179,1180,1181,1182,1183,1184,1185,1186
3,301,'5088',706,707,708,709,710,1187,1188,1189,1190,1191
3,301,'5284',1192,1193,1194,1195,1196,1197,1198,1199,1200,1201
3,301,'5285',1202,1203,1204,1205,1206
3,301,'5287',1207,1208,1209,1210,1211,1212,1213,1214
3,301,'5288',1215,1216,1217,1218,1219
3,301,'5298',1220,1221,1222,1223,1224,1225
4,400,'4614',711,712,713
4,400,'4619',714
4,400,'4623',715,1226
4,400,'4931',716
4,400,'5087',717,718,719,1227,1228,1229
4,400,'5088',720,1230
4,400,'5287',1231,1232,1233
4,400,'5288',1234
4,400,'5298',1235
4,401,'4614',721,722,723
4,401,'4619',724
4,401,'4623',725,1236
4,401,'4931',726
4,401,'5087',727,728,729,1237,1238,1239
4,401,'5088',730,1240
4,401,'5287',1241,1242,1243
4,401,'5288',1244
4,401,'5298',1245
5,500,'4159',731,732,733,734,735,736,737
5,500,'4614',738,739,740,741,742,743,744,745,746,747,748,749,750,751,752,753,754,755,756
5,500,'4616',757,758,759,760,761,762,763,764,765,766,767,768,769
5,500,'4619',770,771,772,773,774
5,500,'4623',775,776,777,778,779,1246,1247,1248,1249,1250
5,500,'4931',780,781,782,783
5,500,'5087',784,785,786,787,788,789,790,791,792,793,794,795,796,797,798,799,800,801,802,1251,1252,1253,1254,1255,1256,1257,1258,1259,1260,1261,1262,1263,1264,1265,1266,1267,1268,1269
5,500,'5088',803,804,805,806,1270,1271,1272,1273
5,500,'5284',1274,1275,1276,1277,1278,1279,1280,1281,1282,1283,1284,1285,1286
5,500,'5285',1287,1288,1289,1290,1291,1292,1293
5,500,'5287',1294,1295,1296,1297,1298,1299,1300,1301,1302,1303,1304,1305,1306,1307,1308,1309,1310,1311,1312
5,500,'5288',1313,1314,1315,1316
5,500,'5298',1317,1318,1319,1320,1321
7,700,'4159',807,808,809,810,811,812
7,700,'4614',813,814,815,816,817,818,819,820,821,822
7,700,'4616',823,824,825,826,827,828,829,830,831,832,833,834
7,700,'4619',835,836,837,838,839,840
7,700,'4623',841,842,843,844,845,846,1322,1323,1324,1325,1326,1327
7,700,'4931',847,848,849
7,700,'5087',850,851,852,853,854,855,856,857,858,859,1328,1329,1330,1331,1332,1333,1334,1335,1336,1337
7,700,'5088',860,861,862,1338,1339,1340
7,700,'5284',1341,1342,1343,1344,1345,1346,1347,1348,1349,1350,1351,1352
7,700,'5285',1353,1354,1355,1356,1357,1358
7,700,'5287',1359,1360,1361,1362,1363,1364,1365,1366,1367,1368
7,700,'5288',1369,1370,1371
7,700,'5298',1372,1373,1374,1375,1376,1377
14,1401,'4159',863,864,865,866,867,868
14,1401,'4614',869,870,871,872,873,874,875,876,877,878,879
14,1401,'4616',880,881,882,883,884,885,886,887,888,889,890,891,892,893,894,895
14,1401,'4619',896,897,898,899,900,901,902,903
14,1401,'4623',904,905,906,907,908,909,910,911,1378,1379,1380,1381,1382,1383,1384,1385
14,1401,'4931',912,913,914,915,916
14,1401,'5087',917,918,919,920,921,922,923,924,925,926,927,1386,1387,1388,1389,1390,1391,1392,1393,1394,1395,1396
14,1401,'5088',928,929,930,931,932,1397,1398,1399,1400,1401
14,1401,'5284',1402,1403,1404,1405,1406,1407,1408,1409,1410,1411,1412,1413,1414,1415,1416,1417
14,1401,'5285',1418,1419,1420,1421,1422,1423
14,1401,'5287',1424,1425,1426,1427,1428,1429,1430,1431,1432,1433,1434
14,1401,'5288',1435,1436,1437,1438,1439
14,1401,'5298',1440,1441,1442,1443,1444,1445,1446,1447
22,2200,'4653',933,934,935,936
22,2200,'5273',1448,1449,1450,1451,1452,1453
22,2201,'4653',937,938,939,940
22,2201,'5273',1454,1455,1456,1457,1458,1459
23,2300,'5085',941,942,943,944,945,946,947,948,949,950,951,952,953,954,955,956,957,958,959,960,1460,1461,1462,1463,1464,1465,1466,1467,1468,1469,1470,1471,1472,1473,1474,1475,1476,1477,1478,1479
31,3100,'4653',961,962
31,3100,'5273',1480,1481
31,3101,'4653',963,964
31,3101,'5273',1482,1483
32,3200,'4653',965,966,967
32,3200,'5273',1484,1485,1486
32,3201,'4653',968,969,970
32,3201,'5273',1487,1488,1489
33,3301,'4653',971,972,973
33,3301,'5273',1490,1491,1492
41,4100,'4653',974,975,976,977,978
41,4100,'5273',1493,1494,1495,1496,1497
41,4101,'4653',979,980,981
41,4101,'5273',1498,1499,1500
