301,'4159',1111,,658,19,,,0,120,,659,19,,,0,175,,660,19,,,0,120,,661,19,,,0,120,,662,19,,,0
301,'4614',746,,665,19,,,0,75,,667,19,,,0,24,,668,19,,,0,80,,666,19,,,0,107,,669,19,,,0,93,,670,19,,,0,100,,664,19,,,0,100,,663,19,,,0
301,'4616',925,,674,19,,,0,100,,675,19,,,0,100,,671,19,,,0,100,,680,19,,,0,103,,672,19,,,0,97,,678,19,,,0,100,,679,19,,,0,100,,673,19,,,0,100,,676,19,,,0,105,,677,19,,,0
301,'4619',1425,,681,19,,,0,100,,684,19,,,0,80,,682,19,,,0,100,,685,19,,,0,101,,683,19,,,0,46,,686,19,,,0
301,'4623',1425,,1173,19,,,0,100,,1176,19,,,0,80,,1174,19,,,0,100,,1177,19,,,0,101,,1175,19,,,0,46,,1178,19,,,0
301,'4931',1425,,693,19,,,0,100,,696,19,,,0,80,,694,19,,,0,100,,697,19,,,0,101,,695,19,,,0
301,'5087',746,,1181,19,,,0,75,,1183,19,,,0,24,,1184,19,,,0,80,,1182,19,,,0,107,,1185,19,,,0,93,,1186,19,,,0,100,,1180,19,,,0,100,,1179,19,,,0
301,'5088',1425,,1187,19,,,0,100,,1190,19,,,0,80,,1188,19,,,0,100,,1191,19,,,0,101,,1189,19,,,0
301,'5284',925,,1195,19,,,0,100,,1196,19,,,0,100,,1192,19,,,0,100,,1201,19,,,0,103,,1193,19,,,0,97,,1199,19,,,0,100,,1200,19,,,0,100,,1194,19,,,0,100,,1197,19,,,0,105,,1198,19,,,0
301,'5285',1111,,1202,19,,,0,120,,1203,19,,,0,175,,1204,19,,,0,120,,1205,19,,,0,120,,1206,19,,,0
301,'5287',746,,1209,19,,,0,75,,1211,19,,,0,24,,1212,19,,,0,80,,1210,19,,,0,107,,1213,19,,,0,93,,1214,19,,,0,100,,1208,19,,,0,100,,1207,19,,,0
301,'5288',1425,,1215,19,,,0,100,,1218,19,,,0,80,,1216,19,,,0,100,,1219,19,,,0,101,,1217,19,,,0
301,'5298',1425,,1220,19,,,0,100,,1223,19,,,0,80,,1221,19,,,0,100,,1224,19,,,0,101,,1222,19,,,0,46,,1225,19,,,0
