301,'4159',1108,,658,13,,,0,120,,659,13,,,0,175,,660,13,,,0,120,,661,13,,,0,120,,662,13,,,0
301,'4614',742,,665,13,,,0,75,,667,13,,,0,24,,668,13,,,0,80,,666,13,,,0,107,,669,13,,,0,93,,670,13,,,0,100,,664,13,,,0,100,,663,13,,,0
301,'4616',922,,674,13,,,0,100,,675,13,,,0,100,,671,13,,,0,100,,680,13,,,0,103,,672,13,,,0,97,,678,13,,,0,100,,679,13,,,0,100,,673,13,,,0,100,,676,13,,,0,105,,677,13,,,0
301,'4619',1421,,681,13,,,0,100,,684,13,,,0,80,,682,13,,,0,100,,685,13,,,0,101,,683,13,,,0,46,,686,13,,,0
301,'4623',1421,,1173,13,,,0,100,,1176,13,,,0,80,,1174,13,,,0,100,,1177,13,,,0,101,,1175,13,,,0,46,,1178,13,,,0
301,'4931',1421,,693,13,,,0,100,,696,13,,,0,80,,694,13,,,0,100,,697,13,,,0,101,,695,13,,,0
301,'5087',742,,1181,13,,,0,75,,1183,13,,,0,24,,1184,13,,,0,80,,1182,13,,,0,107,,1185,13,,,0,93,,1186,13,,,0,100,,1180,13,,,0,100,,1179,13,,,0
301,'5088',1421,,1187,13,,,0,100,,1190,13,,,0,80,,1188,13,,,0,100,,1191,13,,,0,101,,1189,13,,,0
301,'5284',922,,1195,13,,,0,100,,1196,13,,,0,100,,1192,13,,,0,100,,1201,13,,,0,103,,1193,13,,,0,97,,1199,13,,,0,100,,1200,13,,,0,100,,1194,13,,,0,100,,1197,13,,,0,105,,1198,13,,,0
301,'5285',1108,,1202,13,,,0,120,,1203,13,,,0,175,,1204,13,,,0,120,,1205,13,,,0,120,,1206,13,,,0
301,'5287',742,,1209,13,,,0,75,,1211,13,,,0,24,,1212,13,,,0,80,,1210,13,,,0,107,,1213,13,,,0,93,,1214,13,,,0,100,,1208,13,,,0,100,,1207,13,,,0
301,'5288',1421,,1215,13,,,0,100,,1218,13,,,0,80,,1216,13,,,0,100,,1219,13,,,0,101,,1217,13,,,0
301,'5298',1421,,1220,13,,,0,100,,1223,13,,,0,80,,1221,13,,,0,100,,1224,13,,,0,101,,1222,13,,,0,46,,1225,13,,,0
