200,'4159',1007,,609,17,,,0,116,,610,17,,,0,120,,611,17,,,0,175,,612,17,,,0,120,,613,17,,,0,120,,614,17,,,0
200,'4614',801,,616,17,,,0,40,,617,17,,,0,100,,620,17,,,0,104,,622,17,,,0,96,,621,17,,,0,100,,618,17,,,0,100,,619,17,,,0,462,,615,17,,,0
200,'4616',1037,,623,17,,,0,100,,624,17,,,0,100,,631,17,,,0,105,,625,17,,,0,95,,630,17,,,0,105,,629,17,,,0,95,,626,17,,,0,105,,627,17,,,0,100,,628,17,,,0
200,'4619',1438,,632,17,,,0,120,,633,17,,,0,85,,634,17,,,0,75,,635,17,,,0,185,,636,17,,,0
200,'4623',1438,,1124,17,,,0,120,,1125,17,,,0,85,,1126,17,,,0,75,,1127,17,,,0,185,,1128,17,,,0
200,'4931',1438,,642,17,,,0,120,,643,17,,,0,85,,644,17,,,0,75,,645,17,,,0
200,'5087',801,,1130,17,,,0,40,,1131,17,,,0,100,,1134,17,,,0,104,,1136,17,,,0,96,,1135,17,,,0,100,,1132,17,,,0,100,,1133,17,,,0,462,,1129,17,,,0
200,'5088',1438,,1137,17,,,0,120,,1138,17,,,0,85,,1139,17,,,0,75,,1140,17,,,0
200,'5284',1037,,1141,17,,,0,100,,1142,17,,,0,100,,1149,17,,,0,105,,1143,17,,,0,95,,1148,17,,,0,105,,1147,17,,,0,95,,1144,17,,,0,105,,1145,17,,,0,100,,1146,17,,,0
200,'5285',1007,,1150,17,,,0,116,,1151,17,,,0,120,,1152,17,,,0,175,,1153,17,,,0,120,,1154,17,,,0,120,,1155,17,,,0
200,'5287',801,,1157,17,,,0,40,,1158,17,,,0,100,,1161,17,,,0,104,,1163,17,,,0,96,,1162,17,,,0,100,,1159,17,,,0,100,,1160,17,,,0,462,,1156,17,,,0
200,'5288',1438,,1164,17,,,0,120,,1165,17,,,0,85,,1166,17,,,0,75,,1167,17,,,0
200,'5298',1438,,1168,17,,,0,120,,1169,17,,,0,85,,1170,17,,,0,75,,1171,17,,,0,185,,1172,17,,,0
