101,'4159',1003,,543,5,,,0,35,,535,5,,,0,81,,544,5,,,0,39,,536,5,,,0,81,,537,5,,,0,94,,538,5,,,0,81,,539,5,,,0,39,,545,5,,,0,81,,540,5,,,0,77,,546,5,,,0,43,,541,5,,,0,89,,542,5,,,0
101,'4614',723,,557,5,,,0,90,,554,5,,,0,40,,558,5,,,0,100,,559,5,,,0,60,,551,5,,,0,40,,555,5,,,0,80,,560,5,,,0,80,,556,5,,,0,40,,552,5,,,0,160,,547,5,,,0,40,,548,5,,,0,70,,553,5,,,0,30,,549,5,,,0,160,,550,5,,,0
101,'4616',933,,574,5,,,0,85,,575,5,,,0,35,,568,5,,,0,85,,576,5,,,0,80,,561,5,,,0,35,,562,5,,,0,85,,569,5,,,0,80,,563,5,,,0,40,,564,5,,,0,80,,565,5,,,0,75,,573,5,,,0,95,,566,5,,,0,102,,567,5,,,0,103,,570,5,,,0,100,,571,5,,,0,100,,572,5,,,0
101,'4619',1333,,581,5,,,0,300,,577,5,,,0,180,,582,5,,,0,100,,578,5,,,0,100,,579,5,,,0,100,,580,5,,,0
101,'4623',1333,,1054,5,,,0,300,,1050,5,,,0,180,,1055,5,,,0,100,,1051,5,,,0,100,,1052,5,,,0,100,,1053,5,,,0
101,'4931',1333,,590,5,,,0,300,,589,5,,,0,180,,591,5,,,0
101,'5087',723,,1066,5,,,0,90,,1063,5,,,0,40,,1067,5,,,0,100,,1068,5,,,0,60,,1060,5,,,0,40,,1064,5,,,0,80,,1069,5,,,0,80,,1065,5,,,0,40,,1061,5,,,0,160,,1056,5,,,0,40,,1057,5,,,0,70,,1062,5,,,0,30,,1058,5,,,0,160,,1059,5,,,0
101,'5088',1333,,1071,5,,,0,300,,1070,5,,,0,180,,1072,5,,,0
101,'5284',933,,1086,5,,,0,85,,1087,5,,,0,35,,1080,5,,,0,85,,1088,5,,,0,80,,1073,5,,,0,35,,1074,5,,,0,85,,1081,5,,,0,80,,1075,5,,,0,40,,1076,5,,,0,80,,1077,5,,,0,75,,1085,5,,,0,95,,1078,5,,,0,102,,1079,5,,,0,103,,1082,5,,,0,100,,1083,5,,,0,100,,1084,5,,,0
101,'5285',1003,,1097,5,,,0,35,,1089,5,,,0,81,,1098,5,,,0,39,,1090,5,,,0,81,,1091,5,,,0,94,,1092,5,,,0,81,,1093,5,,,0,39,,1099,5,,,0,81,,1094,5,,,0,77,,1100,5,,,0,43,,1095,5,,,0,89,,1096,5,,,0
101,'5287',723,,1111,5,,,0,90,,1108,5,,,0,40,,1112,5,,,0,100,,1113,5,,,0,60,,1105,5,,,0,40,,1109,5,,,0,80,,1114,5,,,0,80,,1110,5,,,0,40,,1106,5,,,0,160,,1101,5,,,0,40,,1102,5,,,0,70,,1107,5,,,0,30,,1103,5,,,0,160,,1104,5,,,0
101,'5288',1333,,1116,5,,,0,300,,1115,5,,,0,180,,1117,5,,,0
101,'5298',1333,,1122,5,,,0,300,,1118,5,,,0,180,,1123,5,,,0,100,,1119,5,,,0,100,,1120,5,,,0,100,,1121,5,,,0
