301,'4614',737,,1209,4,,,0,75,,1211,4,,,0,24,,1212,4,,,0,80,,1210,4,,,0,107,,1213,4,,,0,93,,1214,4,,,0,100,,1208,4,,,0,100,,1207,4,,,0
301,'4619',1416,,1220,4,,,0,100,,1223,4,,,0,40,,1221,4,,,0,100,,1224,4,,,0,101,,1222,4,,,0,86,,1225,4,,,0
301,'4623',1416,,1173,4,,,0,100,,1176,4,,,0,40,,1174,4,,,0,100,,1177,4,,,0,101,,1175,4,,,0,86,,1178,4,,,0
301,'4931',1416,,1215,4,,,0,100,,1218,4,,,0,40,,1216,4,,,0,100,,1219,4,,,0,101,,1217,4,,,0
301,'5087',737,,1181,4,,,0,75,,1183,4,,,0,24,,1184,4,,,0,80,,1182,4,,,0,107,,1185,4,,,0,93,,1186,4,,,0,100,,1180,4,,,0,100,,1179,4,,,0
301,'5088',1416,,1187,4,,,0,100,,1190,4,,,0,40,,1188,4,,,0,100,,1191,4,,,0,101,,1189,4,,,0
301,'5284',917,,1195,4,,,0,100,,1196,4,,,0,100,,1192,4,,,0,100,,1201,4,,,0,103,,1193,4,,,0,97,,1199,4,,,0,100,,1200,4,,,0,100,,1194,4,,,0,100,,1197,4,,,0,105,,1198,4,,,0
301,'5285',1103,,1202,4,,,0,120,,1203,4,,,0,135,,1204,4,,,0,160,,1205,4,,,0,120,,1206,4,,,0
301,'5403',737,,700,4,,,0,75,,702,4,,,0,24,,703,4,,,0,80,,701,4,,,0,107,,704,4,,,0,93,,705,4,,,0,100,,699,4,,,0,100,,698,4,,,0,100,,706,4,,,0,100,,709,4,,,0,40,,707,4,,,0,100,,710,4,,,0,101,,708,4,,,0
700,'4614',754,,1365,4,,,0,57,,1360,4,,,0,40,,1361,4,,,0,100,,1366,4,,,0,104,,1368,4,,,0,96,,1367,4,,,0,100,,1362,4,,,0,100,,1363,4,,,0,303,,1364,4,,,0,88,,1359,4,,,0
700,'4619',1451,,1376,4,,,0,80,,1377,4,,,0,80,,1372,4,,,0,231,,1373,4,,,0,100,,1374,4,,,0,100,,1375,4,,,0
700,'4623',1451,,1326,4,,,0,80,,1327,4,,,0,80,,1322,4,,,0,231,,1323,4,,,0,100,,1324,4,,,0,100,,1325,4,,,0
700,'4931',1451,,1370,4,,,0,80,,1371,4,,,0,80,,1369,4,,,0
700,'5087',754,,1334,4,,,0,57,,1329,4,,,0,40,,1330,4,,,0,100,,1335,4,,,0,104,,1337,4,,,0,96,,1336,4,,,0,100,,1331,4,,,0,100,,1332,4,,,0,303,,1333,4,,,0,88,,1328,4,,,0
700,'5088',1451,,1339,4,,,0,80,,1340,4,,,0,80,,1338,4,,,0
700,'5284',1001,,1351,4,,,0,50,,1341,4,,,0,100,,1342,4,,,0,100,,1352,4,,,0,100,,1343,4,,,0,100,,1349,4,,,0,100,,1350,4,,,0,100,,1346,4,,,0,100,,1344,4,,,0,100,,1345,4,,,0,92,,1347,4,,,0,100,,1348,4,,,0
700,'5285',1036,,1356,4,,,0,115,,1357,4,,,0,158,,1358,4,,,0,137,,1353,4,,,0,160,,1354,4,,,0,120,,1355,4,,,0
700,'5403',754,,856,4,,,0,57,,851,4,,,0,40,,852,4,,,0,100,,857,4,,,0,104,,859,4,,,0,96,,858,4,,,0,100,,853,4,,,0,100,,854,4,,,0,100,,861,4,,,0,80,,862,4,,,0,80,,860,4,,,0,43,,855,4,,,0,88,,850,4,,,0
