200,'4159',1003,,609,8,,,0,116,,610,8,,,0,120,,611,8,,,0,175,,612,8,,,0,120,,613,8,,,0,120,,614,8,,,0
200,'4614',757,,616,8,,,0,80,,617,8,,,0,100,,620,8,,,0,104,,622,8,,,0,96,,621,8,,,0,100,,618,8,,,0,100,,619,8,,,0,422,,615,8,,,0
200,'4616',1033,,623,8,,,0,100,,624,8,,,0,100,,631,8,,,0,105,,625,8,,,0,95,,630,8,,,0,105,,629,8,,,0,95,,626,8,,,0,105,,627,8,,,0,100,,628,8,,,0
200,'4619',1434,,632,8,,,0,120,,633,8,,,0,85,,634,8,,,0,75,,635,8,,,0,145,,636,8,,,0
200,'4623',1434,,1124,8,,,0,120,,1125,8,,,0,85,,1126,8,,,0,75,,1127,8,,,0,145,,1128,8,,,0
200,'4931',1434,,642,8,,,0,120,,643,8,,,0,85,,644,8,,,0,75,,645,8,,,0
200,'5087',757,,1130,8,,,0,80,,1131,8,,,0,100,,1134,8,,,0,104,,1136,8,,,0,96,,1135,8,,,0,100,,1132,8,,,0,100,,1133,8,,,0,422,,1129,8,,,0
200,'5088',1434,,1137,8,,,0,120,,1138,8,,,0,85,,1139,8,,,0,75,,1140,8,,,0
200,'5284',1033,,1141,8,,,0,100,,1142,8,,,0,100,,1149,8,,,0,105,,1143,8,,,0,95,,1148,8,,,0,105,,1147,8,,,0,95,,1144,8,,,0,105,,1145,8,,,0,100,,1146,8,,,0
200,'5285',1003,,1150,8,,,0,116,,1151,8,,,0,120,,1152,8,,,0,175,,1153,8,,,0,120,,1154,8,,,0,120,,1155,8,,,0
200,'5287',757,,1157,8,,,0,80,,1158,8,,,0,100,,1161,8,,,0,104,,1163,8,,,0,96,,1162,8,,,0,100,,1159,8,,,0,100,,1160,8,,,0,422,,1156,8,,,0
200,'5288',1434,,1164,8,,,0,120,,1165,8,,,0,85,,1166,8,,,0,75,,1167,8,,,0
200,'5298',1434,,1168,8,,,0,120,,1169,8,,,0,85,,1170,8,,,0,75,,1171,8,,,0,145,,1172,8,,,0
