700,'4159',1042,,810,15,,,0,115,,811,15,,,0,158,,812,15,,,0,137,,807,15,,,0,160,,808,15,,,0,120,,809,15,,,0
700,'4614',801,,819,15,,,0,17,,814,15,,,0,40,,815,15,,,0,100,,820,15,,,0,144,,822,15,,,0,56,,821,15,,,0,100,,816,15,,,0,100,,817,15,,,0,343,,818,15,,,0,48,,813,15,,,0
700,'4616',1007,,833,15,,,0,50,,823,15,,,0,100,,824,15,,,0,100,,834,15,,,0,100,,825,15,,,0,100,,831,15,,,0,100,,832,15,,,0,100,,828,15,,,0,100,,826,15,,,0,100,,827,15,,,0,92,,829,15,,,0,100,,830,15,,,0
700,'4619',1458,,839,15,,,0,80,,840,15,,,0,80,,835,15,,,0,231,,836,15,,,0,100,,837,15,,,0,100,,838,15,,,0
700,'4623',1458,,1326,15,,,0,80,,1327,15,,,0,80,,1322,15,,,0,231,,1323,15,,,0,100,,1324,15,,,0,100,,1325,15,,,0
700,'4931',1458,,848,15,,,0,80,,849,15,,,0,80,,847,15,,,0
700,'5087',801,,1334,15,,,0,17,,1329,15,,,0,40,,1330,15,,,0,100,,1335,15,,,0,144,,1337,15,,,0,56,,1336,15,,,0,100,,1331,15,,,0,100,,1332,15,,,0,343,,1333,15,,,0,48,,1328,15,,,0
700,'5088',1458,,1339,15,,,0,80,,1340,15,,,0,80,,1338,15,,,0
700,'5284',1007,,1351,15,,,0,50,,1341,15,,,0,100,,1342,15,,,0,100,,1352,15,,,0,100,,1343,15,,,0,100,,1349,15,,,0,100,,1350,15,,,0,100,,1346,15,,,0,100,,1344,15,,,0,100,,1345,15,,,0,92,,1347,15,,,0,100,,1348,15,,,0
700,'5285',1042,,1356,15,,,0,115,,1357,15,,,0,158,,1358,15,,,0,137,,1353,15,,,0,160,,1354,15,,,0,120,,1355,15,,,0
700,'5287',801,,1365,15,,,0,17,,1360,15,,,0,40,,1361,15,,,0,100,,1366,15,,,0,144,,1368,15,,,0,56,,1367,15,,,0,100,,1362,15,,,0,100,,1363,15,,,0,343,,1364,15,,,0,48,,1359,15,,,0
700,'5288',1458,,1370,15,,,0,80,,1371,15,,,0,80,,1369,15,,,0
700,'5298',1458,,1376,15,,,0,80,,1377,15,,,0,80,,1372,15,,,0,231,,1373,15,,,0,100,,1374,15,,,0,100,,1375,15,,,0
