200,'4159',1001,,609,3,,,0,116,,610,3,,,0,120,,611,3,,,0,175,,612,3,,,0,120,,613,3,,,0,120,,614,3,,,0
200,'4614',754,,616,3,,,0,80,,617,3,,,0,100,,620,3,,,0,104,,622,3,,,0,96,,621,3,,,0,100,,618,3,,,0,100,,619,3,,,0,422,,615,3,,,0
200,'4616',1031,,623,3,,,0,100,,624,3,,,0,100,,631,3,,,0,105,,625,3,,,0,95,,630,3,,,0,105,,629,3,,,0,95,,626,3,,,0,105,,627,3,,,0,100,,628,3,,,0
200,'4619',1431,,632,3,,,0,120,,633,3,,,0,85,,634,3,,,0,75,,635,3,,,0,145,,636,3,,,0
200,'4623',1431,,1124,3,,,0,120,,1125,3,,,0,85,,1126,3,,,0,75,,1127,3,,,0,145,,1128,3,,,0
200,'4931',1431,,642,3,,,0,120,,643,3,,,0,85,,644,3,,,0,75,,645,3,,,0
200,'5087',754,,1130,3,,,0,80,,1131,3,,,0,100,,1134,3,,,0,104,,1136,3,,,0,96,,1135,3,,,0,100,,1132,3,,,0,100,,1133,3,,,0,422,,1129,3,,,0
200,'5088',1431,,1137,3,,,0,120,,1138,3,,,0,85,,1139,3,,,0,75,,1140,3,,,0
200,'5284',1031,,1141,3,,,0,100,,1142,3,,,0,100,,1149,3,,,0,105,,1143,3,,,0,95,,1148,3,,,0,105,,1147,3,,,0,95,,1144,3,,,0,105,,1145,3,,,0,100,,1146,3,,,0
200,'5285',1001,,1150,3,,,0,116,,1151,3,,,0,120,,1152,3,,,0,175,,1153,3,,,0,120,,1154,3,,,0,120,,1155,3,,,0
200,'5287',754,,1157,3,,,0,80,,1158,3,,,0,100,,1161,3,,,0,104,,1163,3,,,0,96,,1162,3,,,0,100,,1159,3,,,0,100,,1160,3,,,0,422,,1156,3,,,0
200,'5288',1431,,1164,3,,,0,120,,1165,3,,,0,85,,1166,3,,,0,75,,1167,3,,,0
200,'5298',1431,,1168,3,,,0,120,,1169,3,,,0,85,,1170,3,,,0,75,,1171,3,,,0,145,,1172,3,,,0
1401,'4159',1016,,863,3,,,0,116,,864,3,,,0,120,,865,3,,,0,175,,866,3,,,0,120,,867,3,,,0,160,,868,3,,,0
1401,'4614',736,,871,3,,,0,75,,877,3,,,0,40,,878,3,,,0,83,,872,3,,,0,80,,879,3,,,0,40,,873,3,,,0,80,,875,3,,,0,80,,874,3,,,0,120,,869,3,,,0,297,,876,3,,,0,200,,870,3,,,0
1401,'4616',916,,894,3,,,0,40,,884,3,,,0,98,,895,3,,,0,80,,885,3,,,0,80,,886,3,,,0,40,,887,3,,,0,80,,880,3,,,0,80,,881,3,,,0,40,,882,3,,,0,80,,893,3,,,0,80,,888,3,,,0,35,,883,3,,,0,102,,889,3,,,0,103,,890,3,,,0,102,,891,3,,,0,100,,892,3,,,0
1401,'4619',1254,,901,3,,,0,160,,902,3,,,0,37,,896,3,,,0,80,,897,3,,,0,183,,898,3,,,0,197,,903,3,,,0,45,,899,3,,,0,100,,900,3,,,0
1401,'4623',1254,,1383,3,,,0,160,,1384,3,,,0,37,,1378,3,,,0,80,,1379,3,,,0,183,,1380,3,,,0,197,,1385,3,,,0,45,,1381,3,,,0,100,,1382,3,,,0
1401,'4931',1254,,915,3,,,0,160,,916,3,,,0,37,,912,3,,,0,80,,913,3,,,0,183,,914,3,,,0
1401,'5087',736,,1388,3,,,0,75,,1394,3,,,0,40,,1395,3,,,0,83,,1389,3,,,0,80,,1396,3,,,0,40,,1390,3,,,0,80,,1392,3,,,0,80,,1391,3,,,0,120,,1386,3,,,0,297,,1393,3,,,0,200,,1387,3,,,0
1401,'5088',1254,,1400,3,,,0,160,,1401,3,,,0,37,,1397,3,,,0,80,,1398,3,,,0,183,,1399,3,,,0
1401,'5284',916,,1416,3,,,0,40,,1406,3,,,0,98,,1417,3,,,0,80,,1407,3,,,0,80,,1408,3,,,0,40,,1409,3,,,0,80,,1402,3,,,0,80,,1403,3,,,0,40,,1404,3,,,0,80,,1415,3,,,0,80,,1410,3,,,0,35,,1405,3,,,0,102,,1411,3,,,0,103,,1412,3,,,0,102,,1413,3,,,0,100,,1414,3,,,0
1401,'5285',1016,,1418,3,,,0,116,,1419,3,,,0,120,,1420,3,,,0,175,,1421,3,,,0,120,,1422,3,,,0,160,,1423,3,,,0
1401,'5287',736,,1426,3,,,0,75,,1432,3,,,0,40,,1433,3,,,0,83,,1427,3,,,0,80,,1434,3,,,0,40,,1428,3,,,0,80,,1430,3,,,0,80,,1429,3,,,0,120,,1424,3,,,0,297,,1431,3,,,0,200,,1425,3,,,0
1401,'5288',1254,,1438,3,,,0,160,,1439,3,,,0,37,,1435,3,,,0,80,,1436,3,,,0,183,,1437,3,,,0
1401,'5298',1254,,1445,3,,,0,160,,1446,3,,,0,37,,1440,3,,,0,80,,1441,3,,,0,183,,1442,3,,,0,197,,1447,3,,,0,45,,1443,3,,,0,100,,1444,3,,,0
