101,'4159',1009,,543,13,,,0,35,,535,13,,,0,81,,544,13,,,0,79,,536,13,,,0,41,,537,13,,,0,94,,538,13,,,0,81,,539,13,,,0,39,,545,13,,,0,81,,540,13,,,0,77,,546,13,,,0,83,,541,13,,,0,49,,542,13,,,0
101,'4614',729,,557,13,,,0,90,,554,13,,,0,40,,558,13,,,0,100,,559,13,,,0,60,,551,13,,,0,40,,555,13,,,0,80,,560,13,,,0,80,,556,13,,,0,40,,552,13,,,0,160,,547,13,,,0,40,,548,13,,,0,70,,553,13,,,0,30,,549,13,,,0,160,,550,13,,,0
101,'4616',939,,574,13,,,0,85,,575,13,,,0,35,,568,13,,,0,85,,576,13,,,0,80,,561,13,,,0,35,,562,13,,,0,85,,569,13,,,0,80,,563,13,,,0,80,,564,13,,,0,40,,565,13,,,0,75,,573,13,,,0,95,,566,13,,,0,102,,567,13,,,0,103,,570,13,,,0,100,,571,13,,,0,100,,572,13,,,0
101,'4619',1339,,581,13,,,0,300,,577,13,,,0,180,,582,13,,,0,100,,578,13,,,0,100,,579,13,,,0,100,,580,13,,,0
101,'4623',1339,,1054,13,,,0,300,,1050,13,,,0,180,,1055,13,,,0,100,,1051,13,,,0,100,,1052,13,,,0,100,,1053,13,,,0
101,'4931',1339,,590,13,,,0,300,,589,13,,,0,180,,591,13,,,0
101,'5087',729,,1066,13,,,0,90,,1063,13,,,0,40,,1067,13,,,0,100,,1068,13,,,0,60,,1060,13,,,0,40,,1064,13,,,0,80,,1069,13,,,0,80,,1065,13,,,0,40,,1061,13,,,0,160,,1056,13,,,0,40,,1057,13,,,0,70,,1062,13,,,0,30,,1058,13,,,0,160,,1059,13,,,0
101,'5088',1339,,1071,13,,,0,300,,1070,13,,,0,180,,1072,13,,,0
101,'5284',939,,1086,13,,,0,85,,1087,13,,,0,35,,1080,13,,,0,85,,1088,13,,,0,80,,1073,13,,,0,35,,1074,13,,,0,85,,1081,13,,,0,80,,1075,13,,,0,80,,1076,13,,,0,40,,1077,13,,,0,75,,1085,13,,,0,95,,1078,13,,,0,102,,1079,13,,,0,103,,1082,13,,,0,100,,1083,13,,,0,100,,1084,13,,,0
101,'5285',1009,,1097,13,,,0,35,,1089,13,,,0,81,,1098,13,,,0,79,,1090,13,,,0,41,,1091,13,,,0,94,,1092,13,,,0,81,,1093,13,,,0,39,,1099,13,,,0,81,,1094,13,,,0,77,,1100,13,,,0,83,,1095,13,,,0,49,,1096,13,,,0
101,'5287',729,,1111,13,,,0,90,,1108,13,,,0,40,,1112,13,,,0,100,,1113,13,,,0,60,,1105,13,,,0,40,,1109,13,,,0,80,,1114,13,,,0,80,,1110,13,,,0,40,,1106,13,,,0,160,,1101,13,,,0,40,,1102,13,,,0,70,,1107,13,,,0,30,,1103,13,,,0,160,,1104,13,,,0
101,'5288',1339,,1116,13,,,0,300,,1115,13,,,0,180,,1117,13,,,0
101,'5298',1339,,1122,13,,,0,300,,1118,13,,,0,180,,1123,13,,,0,100,,1119,13,,,0,100,,1120,13,,,0,100,,1121,13,,,0
