1401,'4159',1019,,863,11,,,0,116,,864,11,,,0,120,,865,11,,,0,175,,866,11,,,0,120,,867,11,,,0,160,,868,11,,,0
1401,'4614',739,,871,11,,,0,75,,877,11,,,0,40,,878,11,,,0,83,,872,11,,,0,80,,879,11,,,0,40,,873,11,,,0,80,,875,11,,,0,80,,874,11,,,0,120,,869,11,,,0,297,,876,11,,,0,200,,870,11,,,0
1401,'4616',919,,894,11,,,0,40,,884,11,,,0,98,,895,11,,,0,80,,885,11,,,0,80,,886,11,,,0,40,,887,11,,,0,80,,880,11,,,0,80,,881,11,,,0,40,,882,11,,,0,80,,893,11,,,0,80,,888,11,,,0,35,,883,11,,,0,102,,889,11,,,0,103,,890,11,,,0,102,,891,11,,,0,100,,892,11,,,0
1401,'4619',1257,,901,11,,,0,160,,902,11,,,0,37,,896,11,,,0,80,,897,11,,,0,183,,898,11,,,0,197,,903,11,,,0,45,,899,11,,,0,100,,900,11,,,0
1401,'4623',1257,,1383,11,,,0,160,,1384,11,,,0,37,,1378,11,,,0,80,,1379,11,,,0,183,,1380,11,,,0,197,,1385,11,,,0,45,,1381,11,,,0,100,,1382,11,,,0
1401,'4931',1257,,915,11,,,0,160,,916,11,,,0,37,,912,11,,,0,80,,913,11,,,0,183,,914,11,,,0
1401,'5087',739,,1388,11,,,0,75,,1394,11,,,0,40,,1395,11,,,0,83,,1389,11,,,0,80,,1396,11,,,0,40,,1390,11,,,0,80,,1392,11,,,0,80,,1391,11,,,0,120,,1386,11,,,0,297,,1393,11,,,0,200,,1387,11,,,0
1401,'5088',1257,,1400,11,,,0,160,,1401,11,,,0,37,,1397,11,,,0,80,,1398,11,,,0,183,,1399,11,,,0
1401,'5284',919,,1416,11,,,0,40,,1406,11,,,0,98,,1417,11,,,0,80,,1407,11,,,0,80,,1408,11,,,0,40,,1409,11,,,0,80,,1402,11,,,0,80,,1403,11,,,0,40,,1404,11,,,0,80,,1415,11,,,0,80,,1410,11,,,0,35,,1405,11,,,0,102,,1411,11,,,0,103,,1412,11,,,0,102,,1413,11,,,0,100,,1414,11,,,0
1401,'5285',1019,,1418,11,,,0,116,,1419,11,,,0,120,,1420,11,,,0,175,,1421,11,,,0,120,,1422,11,,,0,160,,1423,11,,,0
1401,'5287',739,,1426,11,,,0,75,,1432,11,,,0,40,,1433,11,,,0,83,,1427,11,,,0,80,,1434,11,,,0,40,,1428,11,,,0,80,,1430,11,,,0,80,,1429,11,,,0,120,,1424,11,,,0,297,,1431,11,,,0,200,,1425,11,,,0
1401,'5288',1257,,1438,11,,,0,160,,1439,11,,,0,37,,1435,11,,,0,80,,1436,11,,,0,183,,1437,11,,,0
1401,'5298',1257,,1445,11,,,0,160,,1446,11,,,0,37,,1440,11,,,0,80,,1441,11,,,0,183,,1442,11,,,0,197,,1447,11,,,0,45,,1443,11,,,0,100,,1444,11,,,0
