100,'4159',1014,,474,2,,,0,35,,467,2,,,0,81,,475,2,,,0,79,,468,2,,,0,41,,469,2,,,0,94,,470,2,,,0,81,,471,2,,,0,79,,476,2,,,0,41,,472,2,,,0,77,,477,2,,,0,83,,473,2,,,0
100,'4614',735,,488,2,,,0,92,,485,2,0,5 2 6 3 7,0,80,,489,2,,,0,100,,490,2,,,0,18,,482,2,,,0,82,,486,2,,,0,44,,491,2,,,0,76,,487,2,,,0,80,,483,2,,,0,124,,478,2,,,0,76,,479,2,0,5 2 6 3 7,0,30,,484,2,,,0,70,,480,2,,,0,120,,481,2,,,0
100,'4616',944,,504,2,,,0,85,,505,2,,,0,75,,499,2,,,0,45,,506,2,,,0,80,,492,2,,,0,75,,493,2,,,0,45,,500,2,,,0,80,,494,2,,,0,80,,495,2,,,0,40,,496,2,,,0,75,,503,2,,,0,95,,497,2,,,0,102,,498,2,,,0,103,,501,2,,,0,100,,502,2,,,0
100,'4619',1347,,510,2,,,0,300,,507,2,,,0,178,,511,2,,,0,100,,508,2,,,0,100,,509,2,,,0
100,'4623',1347,,985,2,,,0,300,,982,2,,,0,178,,986,2,,,0,100,,983,2,,,0,100,,984,2,,,0
100,'4931',1347,,518,2,,,0,300,,517,2,,,0
100,'5087',735,,997,2,,,0,92,,994,2,0,5 2 6 3 7,0,80,,998,2,,,0,100,,999,2,,,0,18,,991,2,,,0,82,,995,2,,,0,44,,1000,2,,,0,76,,996,2,,,0,80,,992,2,,,0,124,,987,2,,,0,76,,988,2,0,5 2 6 3 7,0,30,,993,2,,,0,70,,989,2,,,0,120,,990,2,,,0
100,'5088',1347,,1002,2,,,0,300,,1001,2,,,0
100,'5284',944,,1015,2,,,0,85,,1016,2,,,0,75,,1010,2,,,0,45,,1017,2,,,0,80,,1003,2,,,0,75,,1004,2,,,0,45,,1011,2,,,0,80,,1005,2,,,0,80,,1006,2,,,0,40,,1007,2,,,0,75,,1014,2,,,0,95,,1008,2,,,0,102,,1009,2,,,0,103,,1012,2,,,0,100,,1013,2,,,0
100,'5285',1014,,1025,2,,,0,35,,1018,2,,,0,81,,1026,2,,,0,79,,1019,2,,,0,41,,1020,2,,,0,94,,1021,2,,,0,81,,1022,2,,,0,79,,1027,2,,,0,41,,1023,2,,,0,77,,1028,2,,,0,83,,1024,2,,,0
100,'5287',735,,1039,2,,,0,92,,1036,2,0,5 2 6 3 7,0,80,,1040,2,,,0,100,,1041,2,,,0,18,,1033,2,,,0,82,,1037,2,,,0,44,,1042,2,,,0,76,,1038,2,,,0,80,,1034,2,,,0,124,,1029,2,,,0,76,,1030,2,0,5 2 6 3 7,0,30,,1035,2,,,0,70,,1031,2,,,0,120,,1032,2,,,0
100,'5288',1347,,1044,2,,,0,300,,1043,2,,,0
100,'5298',1347,,1048,2,,,0,300,,1045,2,,,0,178,,1049,2,,,0,100,,1046,2,,,0,100,,1047,2,,,0
