500,'4159',949,,733,8,,,0,105,,734,8,,,0,155,,735,8,,,0,149,,736,8,,,0,160,,731,8,,,0,120,,732,8,,,0,91,,737,8,,,0
500,'4614',757,,755,8,,,0,80,,752,8,,,0,17,,753,8,,,0,60,,743,8,,,0,23,,756,8,,,0,17,,744,8,,,0,80,,754,8,,,0,80,,745,8,,,0,40,,747,8,,,0,80,,746,8,,,0,120,,738,8,,,0,100,,748,8,,,0,80,,739,8,,,0,20,,749,8,,,0,60,,750,8,,,0,23,,740,8,,,0,20,,741,8,,,0,57,,751,8,,,0,100,,742,8,,,0
500,'4616',934,,760,8,,,0,100,,761,8,,,0,80,,769,8,,,0,40,,762,8,,,0,80,,763,8,,,0,80,,764,8,,,0,40,,757,8,,,0,80,,758,8,,,0,80,,759,8,,,0,40,,765,8,,,0,80,,766,8,,,0,103,,767,8,,,0,102,,768,8,,,0
500,'4619',1314,,774,8,,,0,120,,770,8,,,0,80,,771,8,,,0,220,,772,8,,,0,125,,773,8,,,0
500,'4623',1314,,1250,8,,,0,120,,1246,8,,,0,80,,1247,8,,,0,220,,1248,8,,,0,125,,1249,8,,,0
500,'4931',1314,,783,8,,,0,120,,780,8,,,0,80,,781,8,,,0,220,,782,8,,,0
500,'5087',757,,1268,8,,,0,80,,1265,8,,,0,17,,1266,8,,,0,60,,1256,8,,,0,23,,1269,8,,,0,17,,1257,8,,,0,80,,1267,8,,,0,80,,1258,8,,,0,40,,1260,8,,,0,80,,1259,8,,,0,120,,1251,8,,,0,100,,1261,8,,,0,80,,1252,8,,,0,20,,1262,8,,,0,60,,1263,8,,,0,23,,1253,8,,,0,20,,1254,8,,,0,57,,1264,8,,,0,100,,1255,8,,,0
500,'5088',1314,,1273,8,,,0,120,,1270,8,,,0,80,,1271,8,,,0,220,,1272,8,,,0
500,'5284',934,,1277,8,,,0,100,,1278,8,,,0,80,,1286,8,,,0,40,,1279,8,,,0,80,,1280,8,,,0,80,,1281,8,,,0,40,,1274,8,,,0,80,,1275,8,,,0,80,,1276,8,,,0,40,,1282,8,,,0,80,,1283,8,,,0,103,,1284,8,,,0,102,,1285,8,,,0
500,'5285',949,,1289,8,,,0,105,,1290,8,,,0,155,,1291,8,,,0,149,,1292,8,,,0,160,,1287,8,,,0,120,,1288,8,,,0,91,,1293,8,,,0
500,'5287',757,,1311,8,,,0,80,,1308,8,,,0,17,,1309,8,,,0,60,,1299,8,,,0,23,,1312,8,,,0,17,,1300,8,,,0,80,,1310,8,,,0,80,,1301,8,,,0,40,,1303,8,,,0,80,,1302,8,,,0,120,,1294,8,,,0,100,,1304,8,,,0,80,,1295,8,,,0,20,,1305,8,,,0,60,,1306,8,,,0,23,,1296,8,,,0,20,,1297,8,,,0,57,,1307,8,,,0,100,,1298,8,,,0
500,'5288',1314,,1316,8,,,0,120,,1313,8,,,0,80,,1314,8,,,0,220,,1315,8,,,0
500,'5298',1314,,1321,8,,,0,120,,1317,8,,,0,80,,1318,8,,,0,220,,1319,8,,,0,125,,1320,8,,,0
