200,'4159',1004,,609,10,,,0,116,,610,10,,,0,120,,611,10,,,0,175,,612,10,,,0,120,,613,10,,,0,120,,614,10,,,0
200,'4614',758,,616,10,,,0,80,,617,10,,,0,100,,620,10,,,0,104,,622,10,,,0,96,,621,10,,,0,100,,618,10,,,0,100,,619,10,,,0,462,,615,10,,,0
200,'4616',1034,,623,10,,,0,100,,624,10,,,0,100,,631,10,,,0,105,,625,10,,,0,95,,630,10,,,0,105,,629,10,,,0,95,,626,10,,,0,105,,627,10,,,0,100,,628,10,,,0
200,'4619',1435,,632,10,,,0,120,,633,10,,,0,85,,634,10,,,0,75,,635,10,,,0,185,,636,10,,,0
200,'4623',1435,,1124,10,,,0,120,,1125,10,,,0,85,,1126,10,,,0,75,,1127,10,,,0,185,,1128,10,,,0
200,'4931',1435,,642,10,,,0,120,,643,10,,,0,85,,644,10,,,0,75,,645,10,,,0
200,'5087',758,,1130,10,,,0,80,,1131,10,,,0,100,,1134,10,,,0,104,,1136,10,,,0,96,,1135,10,,,0,100,,1132,10,,,0,100,,1133,10,,,0,462,,1129,10,,,0
200,'5088',1435,,1137,10,,,0,120,,1138,10,,,0,85,,1139,10,,,0,75,,1140,10,,,0
200,'5284',1034,,1141,10,,,0,100,,1142,10,,,0,100,,1149,10,,,0,105,,1143,10,,,0,95,,1148,10,,,0,105,,1147,10,,,0,95,,1144,10,,,0,105,,1145,10,,,0,100,,1146,10,,,0
200,'5285',1004,,1150,10,,,0,116,,1151,10,,,0,120,,1152,10,,,0,175,,1153,10,,,0,120,,1154,10,,,0,120,,1155,10,,,0
200,'5287',758,,1157,10,,,0,80,,1158,10,,,0,100,,1161,10,,,0,104,,1163,10,,,0,96,,1162,10,,,0,100,,1159,10,,,0,100,,1160,10,,,0,462,,1156,10,,,0
200,'5288',1435,,1164,10,,,0,120,,1165,10,,,0,85,,1166,10,,,0,75,,1167,10,,,0
200,'5298',1435,,1168,10,,,0,120,,1169,10,,,0,85,,1170,10,,,0,75,,1171,10,,,0,185,,1172,10,,,0
