101,'4159',1001,,543,2,,,0,35,,535,2,,,0,81,,544,2,,,0,39,,536,2,,,0,81,,537,2,,,0,94,,538,2,,,0,81,,539,2,,,0,39,,545,2,,,0,81,,540,2,,,0,77,,546,2,,,0,43,,541,2,,,0,89,,542,2,,,0
101,'4614',721,,557,2,,,0,90,,554,2,,,0,40,,558,2,,,0,100,,559,2,,,0,60,,551,2,,,0,40,,555,2,,,0,80,,560,2,,,0,80,,556,2,,,0,40,,552,2,,,0,160,,547,2,,,0,40,,548,2,,,0,70,,553,2,,,0,30,,549,2,,,0,160,,550,2,,,0
101,'4616',931,,574,2,,,0,85,,575,2,,,0,35,,568,2,,,0,85,,576,2,,,0,80,,561,2,,,0,35,,562,2,,,0,85,,569,2,,,0,80,,563,2,,,0,40,,564,2,,,0,80,,565,2,,,0,75,,573,2,,,0,95,,566,2,,,0,102,,567,2,,,0,103,,570,2,,,0,100,,571,2,,,0,100,,572,2,,,0
101,'4619',1331,,581,2,,,0,300,,577,2,,,0,180,,582,2,,,0,100,,578,2,,,0,100,,579,2,,,0,100,,580,2,,,0
101,'4623',1331,,1054,2,,,0,300,,1050,2,,,0,180,,1055,2,,,0,100,,1051,2,,,0,100,,1052,2,,,0,100,,1053,2,,,0
101,'4931',1331,,590,2,,,0,300,,589,2,,,0,180,,591,2,,,0
101,'5087',721,,1066,2,,,0,90,,1063,2,,,0,40,,1067,2,,,0,100,,1068,2,,,0,60,,1060,2,,,0,40,,1064,2,,,0,80,,1069,2,,,0,80,,1065,2,,,0,40,,1061,2,,,0,160,,1056,2,,,0,40,,1057,2,,,0,70,,1062,2,,,0,30,,1058,2,,,0,160,,1059,2,,,0
101,'5088',1331,,1071,2,,,0,300,,1070,2,,,0,180,,1072,2,,,0
101,'5284',931,,1086,2,,,0,85,,1087,2,,,0,35,,1080,2,,,0,85,,1088,2,,,0,80,,1073,2,,,0,35,,1074,2,,,0,85,,1081,2,,,0,80,,1075,2,,,0,40,,1076,2,,,0,80,,1077,2,,,0,75,,1085,2,,,0,95,,1078,2,,,0,102,,1079,2,,,0,103,,1082,2,,,0,100,,1083,2,,,0,100,,1084,2,,,0
101,'5285',1001,,1097,2,,,0,35,,1089,2,,,0,81,,1098,2,,,0,39,,1090,2,,,0,81,,1091,2,,,0,94,,1092,2,,,0,81,,1093,2,,,0,39,,1099,2,,,0,81,,1094,2,,,0,77,,1100,2,,,0,43,,1095,2,,,0,89,,1096,2,,,0
101,'5287',721,,1111,2,,,0,90,,1108,2,,,0,40,,1112,2,,,0,100,,1113,2,,,0,60,,1105,2,,,0,40,,1109,2,,,0,80,,1114,2,,,0,80,,1110,2,,,0,40,,1106,2,,,0,160,,1101,2,,,0,40,,1102,2,,,0,70,,1107,2,,,0,30,,1103,2,,,0,160,,1104,2,,,0
101,'5288',1331,,1116,2,,,0,300,,1115,2,,,0,180,,1117,2,,,0
101,'5298',1331,,1122,2,,,0,300,,1118,2,,,0,180,,1123,2,,,0,100,,1119,2,,,0,100,,1120,2,,,0,100,,1121,2,,,0
400,'4614',731,,713,2,,,0,400,,711,2,,,0,280,,712,2,,,0
400,'4619',1731,,714,2,,,0
400,'4623',1731,,1226,2,,,0
400,'4931',1731,,716,2,,,0
400,'5087',731,,1229,2,,,0,400,,1227,2,,,0,280,,1228,2,,,0
400,'5088',1731,,1230,2,,,0
400,'5287',731,,1233,2,,,0,400,,1231,2,,,0,280,,1232,2,,,0
400,'5288',1731,,1234,2,,,0
400,'5298',1731,,1235,2,,,0
