100,'4159',1024,,474,18,4,,0,35,,467,18,4,,0,81,,475,18,4,,0,79,,468,18,4,,0,81,,469,18,4,,0,54,,470,18,4,,0,81,,471,18,4,,0,79,,476,18,4,,0,41,,472,18,4,,0,77,,477,18,4,,0,83,,473,18,4,,0
100,'4614',746,,488,18,4,,0,96,,485,25,4,,0,76,,489,18,4,,0,100,,490,18,4,,0,18,,482,18,4,,0,82,,486,18,4,,0,84,,491,18,4,,0,36,,487,18,4,,0,80,,483,18,4,,0,124,,478,18,4,,0,80,,479,25,4,,0,26,,484,18,4,,0,70,,480,18,4,,0,120,,481,18,4,,0
100,'4616',954,,504,18,4,,0,85,,505,18,4,,0,75,,499,18,4,,0,45,,506,18,4,,0,80,,492,18,4,,0,75,,493,18,4,,0,45,,500,18,4,,0,80,,494,18,4,,0,80,,495,18,4,,0,40,,496,18,4,,0,75,,503,18,4,,0,95,,497,18,4,,0,102,,498,18,4,,0,103,,501,18,4,,0,100,,502,18,4,,0
100,'4619',1358,,510,18,4,,0,300,,507,18,4,,0,178,,511,18,4,,0,100,,508,18,4,,0,100,,509,18,4,,0
100,'4623',1358,,985,18,4,,0,300,,982,18,4,,0,178,,986,18,4,,0,100,,983,18,4,,0,100,,984,18,4,,0
100,'4931',1358,,518,18,4,,0,300,,517,18,4,,0
100,'5087',746,,997,18,4,,0,96,,994,25,4,,0,76,,998,18,4,,0,100,,999,18,4,,0,18,,991,18,4,,0,82,,995,18,4,,0,84,,1000,18,4,,0,36,,996,18,4,,0,80,,992,18,4,,0,124,,987,18,4,,0,80,,988,25,4,,0,26,,993,18,4,,0,70,,989,18,4,,0,120,,990,18,4,,0
100,'5088',1358,,1002,18,4,,0,300,,1001,18,4,,0
100,'5284',954,,1015,18,4,,0,85,,1016,18,4,,0,75,,1010,18,4,,0,45,,1017,18,4,,0,80,,1003,18,4,,0,75,,1004,18,4,,0,45,,1011,18,4,,0,80,,1005,18,4,,0,80,,1006,18,4,,0,40,,1007,18,4,,0,75,,1014,18,4,,0,95,,1008,18,4,,0,102,,1009,18,4,,0,103,,1012,18,4,,0,100,,1013,18,4,,0
100,'5285',1024,,1025,18,4,,0,35,,1018,18,4,,0,81,,1026,18,4,,0,79,,1019,18,4,,0,81,,1020,18,4,,0,54,,1021,18,4,,0,81,,1022,18,4,,0,79,,1027,18,4,,0,41,,1023,18,4,,0,77,,1028,18,4,,0,83,,1024,18,4,,0
100,'5287',746,,1039,18,4,,0,96,,1036,25,4,,0,76,,1040,18,4,,0,100,,1041,18,4,,0,18,,1033,18,4,,0,82,,1037,18,4,,0,84,,1042,18,4,,0,36,,1038,18,4,,0,80,,1034,18,4,,0,124,,1029,18,4,,0,80,,1030,25,4,,0,26,,1035,18,4,,0,70,,1031,18,4,,0,120,,1032,18,4,,0
100,'5288',1358,,1044,18,4,,0,300,,1043,18,4,,0
100,'5298',1358,,1048,18,4,,0,300,,1045,18,4,,0,178,,1049,18,4,,0,100,,1046,18,4,,0,100,,1047,18,4,,0
101,'4159',1000,,543,1,,,0,35,,535,1,,,0,81,,544,1,,,0,39,,536,1,,,0,81,,537,1,,,0,94,,538,1,,,0,81,,539,1,,,0,39,,545,1,,,0,81,,540,1,,,0,77,,546,1,,,0,43,,541,1,,,0,89,,542,1,,,0
101,'4614',720,,557,1,,,0,90,,554,1,,,0,40,,558,1,,,0,100,,559,1,,,0,60,,551,1,,,0,40,,555,1,,,0,80,,560,1,,,0,80,,556,1,,,0,40,,552,1,,,0,160,,547,1,,,0,40,,548,1,,,0,70,,553,1,,,0,30,,549,1,,,0,160,,550,1,,,0
101,'4616',930,,574,1,,,0,85,,575,1,,,0,35,,568,1,,,0,85,,576,1,,,0,80,,561,1,,,0,35,,562,1,,,0,85,,569,1,,,0,80,,563,1,,,0,40,,564,1,,,0,80,,565,1,,,0,75,,573,1,,,0,95,,566,1,,,0,102,,567,1,,,0,103,,570,1,,,0,100,,571,1,,,0,100,,572,1,,,0
101,'4619',1330,,581,1,,,0,300,,577,1,,,0,180,,582,1,,,0,100,,578,1,,,0,100,,579,1,,,0,100,,580,1,,,0
101,'4623',1330,,1054,1,,,0,300,,1050,1,,,0,180,,1055,1,,,0,100,,1051,1,,,0,100,,1052,1,,,0,100,,1053,1,,,0
101,'4931',1330,,590,1,,,0,300,,589,1,,,0,180,,591,1,,,0
101,'5087',720,,1066,1,,,0,90,,1063,1,,,0,40,,1067,1,,,0,100,,1068,1,,,0,60,,1060,1,,,0,40,,1064,1,,,0,80,,1069,1,,,0,80,,1065,1,,,0,40,,1061,1,,,0,160,,1056,1,,,0,40,,1057,1,,,0,70,,1062,1,,,0,30,,1058,1,,,0,160,,1059,1,,,0
101,'5088',1330,,1071,1,,,0,300,,1070,1,,,0,180,,1072,1,,,0
101,'5284',930,,1086,1,,,0,85,,1087,1,,,0,35,,1080,1,,,0,85,,1088,1,,,0,80,,1073,1,,,0,35,,1074,1,,,0,85,,1081,1,,,0,80,,1075,1,,,0,40,,1076,1,,,0,80,,1077,1,,,0,75,,1085,1,,,0,95,,1078,1,,,0,102,,1079,1,,,0,103,,1082,1,,,0,100,,1083,1,,,0,100,,1084,1,,,0
101,'5285',1000,,1097,1,,,0,35,,1089,1,,,0,81,,1098,1,,,0,39,,1090,1,,,0,81,,1091,1,,,0,94,,1092,1,,,0,81,,1093,1,,,0,39,,1099,1,,,0,81,,1094,1,,,0,77,,1100,1,,,0,43,,1095,1,,,0,89,,1096,1,,,0
101,'5287',720,,1111,1,,,0,90,,1108,1,,,0,40,,1112,1,,,0,100,,1113,1,,,0,60,,1105,1,,,0,40,,1109,1,,,0,80,,1114,1,,,0,80,,1110,1,,,0,40,,1106,1,,,0,160,,1101,1,,,0,40,,1102,1,,,0,70,,1107,1,,,0,30,,1103,1,,,0,160,,1104,1,,,0
101,'5288',1330,,1116,1,,,0,300,,1115,1,,,0,180,,1117,1,,,0
101,'5298',1330,,1122,1,,,0,300,,1118,1,,,0,180,,1123,1,,,0,100,,1119,1,,,0,100,,1120,1,,,0,100,,1121,1,,,0
200,'4159',1000,,609,1,,,0,13,,609,26,4,,0,103,,610,1,,,0,13,,610,26,4,,0,107,,611,1,,,0,13,,611,26,4,,0,162,,612,1,,,0,13,,612,26,4,,0,107,,613,1,,,0,13,,613,26,4,,0,107,,614,1,,,0,53,,614,26,4,,0
200,'4614',753,,616,1,,,0,55,,616,26,4,,0,25,,617,1,,,0,15,,617,26,4,,0,85,,620,1,,,0,15,,620,26,4,,0,89,,622,1,,,0,15,,622,26,4,,0,81,,621,1,,,0,15,,621,26,4,,0,85,,618,1,,,0,15,,618,26,4,,0,85,,619,1,,,0,15,,619,26,4,,0,407,,615,1,,,0,55,,615,26,4,,0
200,'4616',1030,,623,1,,,0,13,,623,26,4,,0,87,,624,1,,,0,13,,624,26,4,,0,87,,631,1,,,0,13,,631,26,4,,0,92,,625,1,,,0,13,,625,26,4,,0,82,,630,1,,,0,13,,630,26,4,,0,92,,629,1,,,0,13,,629,26,4,,0,82,,626,1,,,0,13,,626,26,4,,0,92,,627,1,,,0,13,,627,26,4,,0,87,,628,1,,,0,13,,628,26,4,,0
200,'4619',1430,,632,1,,,0,15,,632,26,4,,0,105,,633,1,,,0,55,,633,26,4,,0,30,,634,1,,,0,15,,634,26,4,,0,60,,635,1,,,0,15,,635,26,4,,0,130,,636,1,,,0,55,,636,26,4,,0
200,'4623',1430,,1124,1,,,0,15,,1124,26,4,,0,105,,1125,1,,,0,55,,1125,26,4,,0,30,,1126,1,,,0,15,,1126,26,4,,0,60,,1127,1,,,0,15,,1127,26,4,,0,130,,1128,1,,,0,55,,1128,26,4,,0
200,'4931',1430,,642,1,,,0,15,,642,26,4,,0,105,,643,1,,,0,55,,643,26,4,,0,30,,644,1,,,0,15,,644,26,4,,0,60,,645,1,,,0,15,,645,26,4,,0
200,'5087',753,,1130,1,,,0,55,,1130,26,4,,0,25,,1131,1,,,0,15,,1131,26,4,,0,85,,1134,1,,,0,15,,1134,26,4,,0,89,,1136,1,,,0,15,,1136,26,4,,0,81,,1135,1,,,0,15,,1135,26,4,,0,85,,1132,1,,,0,15,,1132,26,4,,0,85,,1133,1,,,0,15,,1133,26,4,,0,407,,1129,1,,,0,55,,1129,26,4,,0
200,'5088',1430,,1137,1,,,0,15,,1137,26,4,,0,105,,1138,1,,,0,55,,1138,26,4,,0,30,,1139,1,,,0,15,,1139,26,4,,0,60,,1140,1,,,0,15,,1140,26,4,,0
200,'5284',1030,,1141,1,,,0,13,,1141,26,4,,0,87,,1142,1,,,0,13,,1142,26,4,,0,87,,1149,1,,,0,13,,1149,26,4,,0,92,,1143,1,,,0,13,,1143,26,4,,0,82,,1148,1,,,0,13,,1148,26,4,,0,92,,1147,1,,,0,13,,1147,26,4,,0,82,,1144,1,,,0,13,,1144,26,4,,0,92,,1145,1,,,0,13,,1145,26,4,,0,87,,1146,1,,,0,13,,1146,26,4,,0
200,'5285',1000,,1150,1,,,0,13,,1150,26,4,,0,103,,1151,1,,,0,13,,1151,26,4,,0,107,,1152,1,,,0,13,,1152,26,4,,0,162,,1153,1,,,0,13,,1153,26,4,,0,107,,1154,1,,,0,13,,1154,26,4,,0,107,,1155,1,,,0,53,,1155,26,4,,0
200,'5287',753,,1157,1,,,0,55,,1157,26,4,,0,25,,1158,1,,,0,15,,1158,26,4,,0,85,,1161,1,,,0,15,,1161,26,4,,0,89,,1163,1,,,0,15,,1163,26,4,,0,81,,1162,1,,,0,15,,1162,26,4,,0,85,,1159,1,,,0,15,,1159,26,4,,0,85,,1160,1,,,0,15,,1160,26,4,,0,407,,1156,1,,,0,55,,1156,26,4,,0
200,'5288',1430,,1164,1,,,0,15,,1164,26,4,,0,105,,1165,1,,,0,55,,1165,26,4,,0,30,,1166,1,,,0,15,,1166,26,4,,0,60,,1167,1,,,0,15,,1167,26,4,,0
200,'5298',1430,,1168,1,,,0,15,,1168,26,4,,0,105,,1169,1,,,0,55,,1169,26,4,,0,30,,1170,1,,,0,15,,1170,26,4,,0,60,,1171,1,,,0,15,,1171,26,4,,0,130,,1172,1,,,0,55,,1172,26,4,,0
301,'4159',1101,,658,1,,,0,13,,658,23,4,,0,107,,659,1,,,0,13,,659,23,4,,0,122,,660,1,,,0,53,,660,23,4,,0,107,,661,1,,,0,13,,661,23,4,,0,107,,662,1,,,0,13,,662,23,4,,0
301,'4614',735,,665,1,,,0,14,,665,23,4,,0,61,,667,1,,,0,14,,667,23,4,,0,10,,668,1,,,0,14,,668,23,4,,0,66,,666,1,,,0,14,,666,23,4,,0,93,,669,1,,,0,14,,669,23,4,,0,79,,670,1,,,0,14,,670,23,4,,0,86,,664,1,,,0,14,,664,23,4,,0,86,,663,1,,,0,14,,663,23,4,,0
301,'4616',915,,674,1,,,0,13,,674,23,4,,0,87,,675,1,,,0,13,,675,23,4,,0,87,,671,1,,,0,13,,671,23,4,,0,87,,680,1,,,0,13,,680,23,4,,0,90,,672,1,,,0,13,,672,23,4,,0,84,,678,1,,,0,13,,678,23,4,,0,87,,679,1,,,0,13,,679,23,4,,0,87,,673,1,,,0,13,,673,23,4,,0,87,,676,1,,,0,13,,676,23,4,,0,92,,677,1,,,0,13,,677,23,4,,0
301,'4619',1414,,681,1,,,0,14,,681,23,4,,0,86,,684,1,,,0,14,,684,23,4,,0,26,,682,1,,,0,54,,682,23,4,,0,46,,685,1,,,0,54,,685,23,4,,0,47,,683,1,,,0,54,,683,23,4,,0,32,,686,1,,,0,14,,686,23,4,,0
301,'4623',1414,,1173,1,,,0,14,,1173,23,4,,0,86,,1176,1,,,0,14,,1176,23,4,,0,26,,1174,1,,,0,54,,1174,23,4,,0,46,,1177,1,,,0,54,,1177,23,4,,0,47,,1175,1,,,0,54,,1175,23,4,,0,32,,1178,1,,,0,14,,1178,23,4,,0
301,'4931',1414,,693,1,,,0,14,,693,23,4,,0,86,,696,1,,,0,14,,696,23,4,,0,26,,694,1,,,0,54,,694,23,4,,0,46,,697,1,,,0,54,,697,23,4,,0,47,,695,1,,,0,54,,695,23,4,,0
301,'5087',735,,1181,1,,,0,14,,1181,23,4,,0,61,,1183,1,,,0,14,,1183,23,4,,0,10,,1184,1,,,0,14,,1184,23,4,,0,66,,1182,1,,,0,14,,1182,23,4,,0,93,,1185,1,,,0,14,,1185,23,4,,0,79,,1186,1,,,0,14,,1186,23,4,,0,86,,1180,1,,,0,14,,1180,23,4,,0,86,,1179,1,,,0,14,,1179,23,4,,0
301,'5088',1414,,1187,1,,,0,14,,1187,23,4,,0,86,,1190,1,,,0,14,,1190,23,4,,0,26,,1188,1,,,0,54,,1188,23,4,,0,46,,1191,1,,,0,54,,1191,23,4,,0,47,,1189,1,,,0,54,,1189,23,4,,0
301,'5284',915,,1195,1,,,0,13,,1195,23,4,,0,87,,1196,1,,,0,13,,1196,23,4,,0,87,,1192,1,,,0,13,,1192,23,4,,0,87,,1201,1,,,0,13,,1201,23,4,,0,90,,1193,1,,,0,13,,1193,23,4,,0,84,,1199,1,,,0,13,,1199,23,4,,0,87,,1200,1,,,0,13,,1200,23,4,,0,87,,1194,1,,,0,13,,1194,23,4,,0,87,,1197,1,,,0,13,,1197,23,4,,0,92,,1198,1,,,0,13,,1198,23,4,,0
301,'5285',1101,,1202,1,,,0,13,,1202,23,4,,0,107,,1203,1,,,0,13,,1203,23,4,,0,122,,1204,1,,,0,53,,1204,23,4,,0,107,,1205,1,,,0,13,,1205,23,4,,0,107,,1206,1,,,0,13,,1206,23,4,,0
301,'5287',735,,1209,1,,,0,14,,1209,23,4,,0,61,,1211,1,,,0,14,,1211,23,4,,0,10,,1212,1,,,0,14,,1212,23,4,,0,66,,1210,1,,,0,14,,1210,23,4,,0,93,,1213,1,,,0,14,,1213,23,4,,0,79,,1214,1,,,0,14,,1214,23,4,,0,86,,1208,1,,,0,14,,1208,23,4,,0,86,,1207,1,,,0,14,,1207,23,4,,0
301,'5288',1414,,1215,1,,,0,14,,1215,23,4,,0,86,,1218,1,,,0,14,,1218,23,4,,0,26,,1216,1,,,0,54,,1216,23,4,,0,46,,1219,1,,,0,54,,1219,23,4,,0,47,,1217,1,,,0,54,,1217,23,4,,0
301,'5298',1414,,1220,1,,,0,14,,1220,23,4,,0,86,,1223,1,,,0,14,,1223,23,4,,0,26,,1221,1,,,0,54,,1221,23,4,,0,46,,1224,1,,,0,54,,1224,23,4,,0,47,,1222,1,,,0,54,,1222,23,4,,0,32,,1225,1,,,0,14,,1225,23,4,,0
400,'4614',730,,713,1,,,0,400,,711,1,,,0,280,,712,1,,,0
400,'4619',1730,,714,1,,,0
400,'4623',1730,,1226,1,,,0
400,'4931',1730,,716,1,,,0
400,'5087',730,,1229,1,,,0,400,,1227,1,,,0,280,,1228,1,,,0
400,'5088',1730,,1230,1,,,0
400,'5287',730,,1233,1,,,0,400,,1231,1,,,0,280,,1232,1,,,0
400,'5288',1730,,1234,1,,,0
400,'5298',1730,,1235,1,,,0
401,'4614',806,,723,17,4,,0,400,,721,17,4,,0,240,,722,17,4,,0
401,'4619',1806,,724,17,4,,0
401,'4623',1806,,1236,17,4,,0
401,'4931',1806,,726,17,4,,0
401,'5087',806,,1239,17,4,,0,400,,1237,17,4,,0,240,,1238,17,4,,0
401,'5088',1806,,1240,17,4,,0
401,'5287',806,,1243,17,4,,0,400,,1241,17,4,,0,240,,1242,17,4,,0
401,'5288',1806,,1244,17,4,,0
401,'5298',1806,,1245,17,4,,0
500,'4159',945,,733,1,,,0,55,,733,20,4,,0,50,,734,1,,,0,55,,734,20,4,,0,100,,735,1,,,0,15,,735,20,4,,0,134,,736,1,,,0,55,,736,20,4,,0,105,,731,1,,,0,15,,731,20,4,,0,105,,732,1,,,0,15,,732,20,4,,0,76,,737,1,,,0,15,,737,20,4,,0
500,'4614',753,,755,1,,,0,55,,755,20,4,,0,25,,752,1,,,0,15,,752,20,4,,0,2,,753,1,,,0,55,,753,20,4,,0,5,,743,1,,,0,15,,743,20,4,,0,8,,756,1,,,0,15,,756,20,4,,0,2,,744,1,,,0,55,,744,20,4,,0,25,,754,1,,,0,15,,754,20,4,,0,65,,745,1,,,0,15,,745,20,4,,0,25,,747,1,,,0,55,,747,20,4,,0,25,,746,1,,,0,15,,746,20,4,,0,105,,738,1,,,0,55,,738,20,4,,0,45,,748,1,,,0,55,,748,20,4,,0,25,,739,1,,,0,15,,739,20,4,,0,5,,749,1,,,0,55,,749,20,4,,0,5,,750,1,,,0,15,,750,20,4,,0,8,,740,1,,,0,15,,740,20,4,,0,5,,741,1,,,0,55,,741,20,4,,0,2,,751,1,,,0,15,,751,20,4,,0,85,,742,1,,,0,15,,742,20,4,,0
500,'4616',930,,760,1,,,0,15,,760,20,4,,0,85,,761,1,,,0,15,,761,20,4,,0,65,,769,1,,,0,15,,769,20,4,,0,25,,762,1,,,0,55,,762,20,4,,0,25,,763,1,,,0,15,,763,20,4,,0,65,,764,1,,,0,15,,764,20,4,,0,25,,757,1,,,0,55,,757,20,4,,0,25,,758,1,,,0,15,,758,20,4,,0,65,,759,1,,,0,15,,759,20,4,,0,25,,765,1,,,0,55,,765,20,4,,0,25,,766,1,,,0,15,,766,20,4,,0,88,,767,1,,,0,15,,767,20,4,,0,87,,768,1,,,0,15,,768,20,4,,0
500,'4619',1310,,774,1,,,0,15,,774,20,4,,0,105,,770,1,,,0,15,,770,20,4,,0,65,,771,1,,,0,15,,771,20,4,,0,205,,772,1,,,0,15,,772,20,4,,0,110,,773,1,,,0,55,,773,20,4,,0
500,'4623',1310,,1250,1,,,0,15,,1250,20,4,,0,105,,1246,1,,,0,15,,1246,20,4,,0,65,,1247,1,,,0,15,,1247,20,4,,0,205,,1248,1,,,0,15,,1248,20,4,,0,110,,1249,1,,,0,55,,1249,20,4,,0
500,'4931',1310,,783,1,,,0,15,,783,20,4,,0,105,,780,1,,,0,15,,780,20,4,,0,65,,781,1,,,0,15,,781,20,4,,0,205,,782,1,,,0,15,,782,20,4,,0
500,'5087',753,,1268,1,,,0,55,,1268,20,4,,0,25,,1265,1,,,0,15,,1265,20,4,,0,2,,1266,1,,,0,55,,1266,20,4,,0,5,,1256,1,,,0,15,,1256,20,4,,0,8,,1269,1,,,0,15,,1269,20,4,,0,2,,1257,1,,,0,55,,1257,20,4,,0,25,,1267,1,,,0,15,,1267,20,4,,0,65,,1258,1,,,0,15,,1258,20,4,,0,25,,1260,1,,,0,55,,1260,20,4,,0,25,,1259,1,,,0,15,,1259,20,4,,0,105,,1251,1,,,0,55,,1251,20,4,,0,45,,1261,1,,,0,55,,1261,20,4,,0,25,,1252,1,,,0,15,,1252,20,4,,0,5,,1262,1,,,0,55,,1262,20,4,,0,5,,1263,1,,,0,15,,1263,20,4,,0,8,,1253,1,,,0,15,,1253,20,4,,0,5,,1254,1,,,0,55,,1254,20,4,,0,2,,1264,1,,,0,15,,1264,20,4,,0,85,,1255,1,,,0,15,,1255,20,4,,0
500,'5088',1310,,1273,1,,,0,15,,1273,20,4,,0,105,,1270,1,,,0,15,,1270,20,4,,0,65,,1271,1,,,0,15,,1271,20,4,,0,205,,1272,1,,,0,15,,1272,20,4,,0
500,'5284',930,,1277,1,,,0,15,,1277,20,4,,0,85,,1278,1,,,0,15,,1278,20,4,,0,65,,1286,1,,,0,15,,1286,20,4,,0,25,,1279,1,,,0,55,,1279,20,4,,0,25,,1280,1,,,0,15,,1280,20,4,,0,65,,1281,1,,,0,15,,1281,20,4,,0,25,,1274,1,,,0,55,,1274,20,4,,0,25,,1275,1,,,0,15,,1275,20,4,,0,65,,1276,1,,,0,15,,1276,20,4,,0,25,,1282,1,,,0,55,,1282,20,4,,0,25,,1283,1,,,0,15,,1283,20,4,,0,88,,1284,1,,,0,15,,1284,20,4,,0,87,,1285,1,,,0,15,,1285,20,4,,0
500,'5285',945,,1289,1,,,0,55,,1289,20,4,,0,50,,1290,1,,,0,55,,1290,20,4,,0,100,,1291,1,,,0,15,,1291,20,4,,0,134,,1292,1,,,0,55,,1292,20,4,,0,105,,1287,1,,,0,15,,1287,20,4,,0,105,,1288,1,,,0,15,,1288,20,4,,0,76,,1293,1,,,0,15,,1293,20,4,,0
500,'5287',753,,1311,1,,,0,55,,1311,20,4,,0,25,,1308,1,,,0,15,,1308,20,4,,0,2,,1309,1,,,0,55,,1309,20,4,,0,5,,1299,1,,,0,15,,1299,20,4,,0,8,,1312,1,,,0,15,,1312,20,4,,0,2,,1300,1,,,0,55,,1300,20,4,,0,25,,1310,1,,,0,15,,1310,20,4,,0,65,,1301,1,,,0,15,,1301,20,4,,0,25,,1303,1,,,0,55,,1303,20,4,,0,25,,1302,1,,,0,15,,1302,20,4,,0,105,,1294,1,,,0,55,,1294,20,4,,0,45,,1304,1,,,0,55,,1304,20,4,,0,25,,1295,1,,,0,15,,1295,20,4,,0,5,,1305,1,,,0,55,,1305,20,4,,0,5,,1306,1,,,0,15,,1306,20,4,,0,8,,1296,1,,,0,15,,1296,20,4,,0,5,,1297,1,,,0,55,,1297,20,4,,0,2,,1307,1,,,0,15,,1307,20,4,,0,85,,1298,1,,,0,15,,1298,20,4,,0
500,'5288',1310,,1316,1,,,0,15,,1316,20,4,,0,105,,1313,1,,,0,15,,1313,20,4,,0,65,,1314,1,,,0,15,,1314,20,4,,0,205,,1315,1,,,0,15,,1315,20,4,,0
500,'5298',1310,,1321,1,,,0,15,,1321,20,4,,0,105,,1317,1,,,0,15,,1317,20,4,,0,65,,1318,1,,,0,15,,1318,20,4,,0,205,,1319,1,,,0,15,,1319,20,4,,0,110,,1320,1,,,0,55,,1320,20,4,,0
700,'4159',1035,,810,1,,,0,13,,810,22,4,,0,102,,811,1,,,0,53,,811,22,4,,0,105,,812,1,,,0,13,,812,22,4,,0,124,,807,1,,,0,13,,807,22,4,,0,147,,808,1,,,0,13,,808,22,4,,0,107,,809,1,,,0,13,,809,22,4,,0
700,'4614',753,,819,1,,,0,54,,819,22,4,,0,3,,814,1,,,0,14,,814,22,4,,0,26,,815,1,,,0,54,,815,22,4,,0,46,,820,1,,,0,54,,820,22,4,,0,50,,822,1,,,0,54,,822,22,4,,0,42,,821,1,,,0,54,,821,22,4,,0,46,,816,1,,,0,54,,816,22,4,,0,46,,817,1,,,0,54,,817,22,4,,0,249,,818,1,,,0,54,,818,22,4,,0,34,,813,1,,,0,14,,813,22,4,,0
700,'4616',1000,,833,1,,,0,13,,833,22,4,,0,37,,823,1,,,0,53,,823,22,4,,0,47,,824,1,,,0,53,,824,22,4,,0,47,,834,1,,,0,53,,834,22,4,,0,47,,825,1,,,0,53,,825,22,4,,0,47,,831,1,,,0,53,,831,22,4,,0,47,,832,1,,,0,53,,832,22,4,,0,47,,828,1,,,0,53,,828,22,4,,0,47,,826,1,,,0,53,,826,22,4,,0,47,,827,1,,,0,53,,827,22,4,,0,39,,829,1,,,0,13,,829,22,4,,0,87,,830,1,,,0,13,,830,22,4,,0
700,'4619',1450,,839,1,,,0,54,,839,22,4,,0,26,,840,1,,,0,14,,840,22,4,,0,66,,835,1,,,0,14,,835,22,4,,0,217,,836,1,,,0,14,,836,22,4,,0,86,,837,1,,,0,14,,837,22,4,,0,86,,838,1,,,0,14,,838,22,4,,0
700,'4623',1450,,1326,1,,,0,54,,1326,22,4,,0,26,,1327,1,,,0,14,,1327,22,4,,0,66,,1322,1,,,0,14,,1322,22,4,,0,217,,1323,1,,,0,14,,1323,22,4,,0,86,,1324,1,,,0,14,,1324,22,4,,0,86,,1325,1,,,0,14,,1325,22,4,,0
700,'4931',1450,,848,1,,,0,54,,848,22,4,,0,26,,849,1,,,0,14,,849,22,4,,0,66,,847,1,,,0,14,,847,22,4,,0
700,'5087',753,,1334,1,,,0,54,,1334,22,4,,0,3,,1329,1,,,0,14,,1329,22,4,,0,26,,1330,1,,,0,54,,1330,22,4,,0,46,,1335,1,,,0,54,,1335,22,4,,0,50,,1337,1,,,0,54,,1337,22,4,,0,42,,1336,1,,,0,54,,1336,22,4,,0,46,,1331,1,,,0,54,,1331,22,4,,0,46,,1332,1,,,0,54,,1332,22,4,,0,249,,1333,1,,,0,54,,1333,22,4,,0,34,,1328,1,,,0,14,,1328,22,4,,0
700,'5088',1450,,1339,1,,,0,54,,1339,22,4,,0,26,,1340,1,,,0,14,,1340,22,4,,0,66,,1338,1,,,0,14,,1338,22,4,,0
700,'5284',1000,,1351,1,,,0,13,,1351,22,4,,0,37,,1341,1,,,0,53,,1341,22,4,,0,47,,1342,1,,,0,53,,1342,22,4,,0,47,,1352,1,,,0,53,,1352,22,4,,0,47,,1343,1,,,0,53,,1343,22,4,,0,47,,1349,1,,,0,53,,1349,22,4,,0,47,,1350,1,,,0,53,,1350,22,4,,0,47,,1346,1,,,0,53,,1346,22,4,,0,47,,1344,1,,,0,53,,1344,22,4,,0,47,,1345,1,,,0,53,,1345,22,4,,0,39,,1347,1,,,0,13,,1347,22,4,,0,87,,1348,1,,,0,13,,1348,22,4,,0
700,'5285',1035,,1356,1,,,0,13,,1356,22,4,,0,102,,1357,1,,,0,53,,1357,22,4,,0,105,,1358,1,,,0,13,,1358,22,4,,0,124,,1353,1,,,0,13,,1353,22,4,,0,147,,1354,1,,,0,13,,1354,22,4,,0,107,,1355,1,,,0,13,,1355,22,4,,0
700,'5287',753,,1365,1,,,0,54,,1365,22,4,,0,3,,1360,1,,,0,14,,1360,22,4,,0,26,,1361,1,,,0,54,,1361,22,4,,0,46,,1366,1,,,0,54,,1366,22,4,,0,50,,1368,1,,,0,54,,1368,22,4,,0,42,,1367,1,,,0,54,,1367,22,4,,0,46,,1362,1,,,0,54,,1362,22,4,,0,46,,1363,1,,,0,54,,1363,22,4,,0,249,,1364,1,,,0,54,,1364,22,4,,0,34,,1359,1,,,0,14,,1359,22,4,,0
700,'5288',1450,,1370,1,,,0,54,,1370,22,4,,0,26,,1371,1,,,0,14,,1371,22,4,,0,66,,1369,1,,,0,14,,1369,22,4,,0
700,'5298',1450,,1376,1,,,0,54,,1376,22,4,,0,26,,1377,1,,,0,14,,1377,22,4,,0,66,,1372,1,,,0,14,,1372,22,4,,0,217,,1373,1,,,0,14,,1373,22,4,,0,86,,1374,1,,,0,14,,1374,22,4,,0,86,,1375,1,,,0,14,,1375,22,4,,0
1401,'4159',1015,,863,1,,,0,15,,863,29,4,,0,101,,864,1,,,0,15,,864,29,4,,0,105,,865,1,,,0,55,,865,29,4,,0,120,,866,1,,,0,15,,866,29,4,,0,105,,867,1,,,0,55,,867,29,4,,0,105,,868,1,,,0,15,,868,29,4,,0
1401,'4614',735,,871,1,,,0,15,,871,29,4,,0,60,,877,1,,,0,16,,877,28,4,,0,24,,878,1,,,0,55,,878,29,4,,0,28,,872,1,,,0,15,,872,29,4,,0,65,,879,1,,,0,15,,879,29,4,,0,25,,873,1,,,0,55,,873,29,4,,0,25,,875,1,,,0,15,,875,29,4,,0,65,,874,1,,,0,15,,874,29,4,,0,105,,869,1,,,0,15,,869,29,4,,0,282,,876,1,,,0,15,,876,29,4,,0,185,,870,1,,,0,15,,870,29,4,,0
1401,'4616',915,,894,1,,,0,15,,894,29,4,,0,25,,884,1,,,0,55,,884,29,4,,0,43,,895,1,,,0,55,,895,29,4,,0,25,,885,1,,,0,15,,885,29,4,,0,65,,886,1,,,0,15,,886,29,4,,0,25,,887,1,,,0,55,,887,29,4,,0,25,,880,1,,,0,15,,880,29,4,,0,65,,881,1,,,0,15,,881,29,4,,0,25,,882,1,,,0,55,,882,29,4,,0,25,,893,1,,,0,15,,893,29,4,,0,65,,888,1,,,0,15,,888,29,4,,0,20,,883,1,,,0,55,,883,29,4,,0,47,,889,1,,,0,55,,889,29,4,,0,48,,890,1,,,0,55,,890,29,4,,0,47,,891,1,,,0,55,,891,29,4,,0,45,,892,1,,,0,55,,892,29,4,,0
1401,'4619',1253,,901,1,,,0,55,,901,29,4,,0,105,,902,1,,,0,15,,902,29,4,,0,22,,896,1,,,0,55,,896,29,4,,0,25,,897,1,,,0,15,,897,29,4,,0,168,,898,1,,,0,15,,898,29,4,,0,182,,903,1,,,0,15,,903,29,4,,0,30,,899,1,,,0,55,,899,29,4,,0,45,,900,1,,,0,55,,900,29,4,,0
1401,'4623',1253,,1383,1,,,0,55,,1383,29,4,,0,105,,1384,1,,,0,15,,1384,29,4,,0,22,,1378,1,,,0,55,,1378,29,4,,0,25,,1379,1,,,0,15,,1379,29,4,,0,168,,1380,1,,,0,15,,1380,29,4,,0,182,,1385,1,,,0,15,,1385,29,4,,0,30,,1381,1,,,0,55,,1381,29,4,,0,45,,1382,1,,,0,55,,1382,29,4,,0
1401,'4931',1253,,915,1,,,0,55,,915,29,4,,0,105,,916,1,,,0,15,,916,29,4,,0,22,,912,1,,,0,55,,912,29,4,,0,25,,913,1,,,0,15,,913,29,4,,0,168,,914,1,,,0,15,,914,29,4,,0
1401,'5087',735,,1388,1,,,0,15,,1388,29,4,,0,60,,1394,1,,,0,15,,1394,29,4,,0,25,,1395,1,,,0,55,,1395,29,4,,0,28,,1389,1,,,0,15,,1389,29,4,,0,65,,1396,1,,,0,15,,1396,29,4,,0,25,,1390,1,,,0,55,,1390,29,4,,0,25,,1392,1,,,0,15,,1392,29,4,,0,65,,1391,1,,,0,15,,1391,29,4,,0,105,,1386,1,,,0,15,,1386,29,4,,0,282,,1393,1,,,0,15,,1393,29,4,,0,185,,1387,1,,,0,15,,1387,29,4,,0
1401,'5088',1253,,1400,1,,,0,55,,1400,29,4,,0,105,,1401,1,,,0,15,,1401,29,4,,0,22,,1397,1,,,0,55,,1397,29,4,,0,25,,1398,1,,,0,15,,1398,29,4,,0,168,,1399,1,,,0,15,,1399,29,4,,0
1401,'5284',915,,1416,1,,,0,15,,1416,29,4,,0,25,,1406,1,,,0,55,,1406,29,4,,0,43,,1417,1,,,0,55,,1417,29,4,,0,25,,1407,1,,,0,15,,1407,29,4,,0,65,,1408,1,,,0,15,,1408,29,4,,0,25,,1409,1,,,0,55,,1409,29,4,,0,25,,1402,1,,,0,15,,1402,29,4,,0,65,,1403,1,,,0,15,,1403,29,4,,0,25,,1404,1,,,0,55,,1404,29,4,,0,25,,1415,1,,,0,15,,1415,29,4,,0,65,,1410,1,,,0,15,,1410,29,4,,0,20,,1405,1,,,0,55,,1405,29,4,,0,47,,1411,1,,,0,55,,1411,29,4,,0,48,,1412,1,,,0,55,,1412,29,4,,0,47,,1413,1,,,0,55,,1413,29,4,,0,45,,1414,1,,,0,55,,1414,29,4,,0
1401,'5285',1015,,1418,1,,,0,15,,1418,29,4,,0,101,,1419,1,,,0,15,,1419,29,4,,0,105,,1420,1,,,0,55,,1420,29,4,,0,120,,1421,1,,,0,15,,1421,29,4,,0,105,,1422,1,,,0,55,,1422,29,4,,0,105,,1423,1,,,0,15,,1423,29,4,,0
1401,'5287',735,,1426,1,,,0,15,,1426,29,4,,0,60,,1432,1,,,0,16,,1432,28,4,,0,24,,1433,1,,,0,55,,1433,29,4,,0,28,,1427,1,,,0,15,,1427,29,4,,0,65,,1434,1,,,0,15,,1434,29,4,,0,25,,1428,1,,,0,55,,1428,29,4,,0,25,,1430,1,,,0,15,,1430,29,4,,0,65,,1429,1,,,0,15,,1429,29,4,,0,105,,1424,1,,,0,15,,1424,29,4,,0,282,,1431,1,,,0,15,,1431,29,4,,0,185,,1425,1,,,0,15,,1425,29,4,,0
1401,'5288',1253,,1438,1,,,0,55,,1438,29,4,,0,105,,1439,1,,,0,15,,1439,29,4,,0,22,,1435,1,,,0,55,,1435,29,4,,0,25,,1436,1,,,0,15,,1436,29,4,,0,168,,1437,1,,,0,15,,1437,29,4,,0
1401,'5298',1253,,1445,1,,,0,55,,1445,29,4,,0,105,,1446,1,,,0,15,,1446,29,4,,0,22,,1440,1,,,0,55,,1440,29,4,,0,25,,1441,1,,,0,15,,1441,29,4,,0,168,,1442,1,,,0,15,,1442,29,4,,0,182,,1447,1,,,0,15,,1447,29,4,,0,30,,1443,1,,,0,55,,1443,29,4,,0,45,,1444,1,,,0,55,,1444,29,4,,0
