500,'4159',956,,733,15,,,0,145,,734,15,,,0,115,,735,15,,,0,189,,736,15,,,0,120,,731,15,,,0,120,,732,15,,,0,91,,737,15,,,0
500,'4614',804,,755,15,,,0,40,,752,15,,,0,57,,753,15,,,0,20,,743,15,,,0,23,,756,15,,,0,57,,744,15,,,0,40,,754,15,,,0,80,,745,15,,,0,80,,747,15,,,0,40,,746,15,,,0,160,,738,15,,,0,100,,748,15,,,0,40,,739,15,,,0,60,,749,15,,,0,20,,750,15,,,0,23,,740,15,,,0,60,,741,15,,,0,17,,751,15,,,0,100,,742,15,,,0
500,'4616',941,,760,15,,,0,100,,761,15,,,0,80,,769,15,,,0,80,,762,15,,,0,40,,763,15,,,0,80,,764,15,,,0,80,,757,15,,,0,40,,758,15,,,0,80,,759,15,,,0,80,,765,15,,,0,40,,766,15,,,0,103,,767,15,,,0,102,,768,15,,,0
500,'4619',1321,,774,15,,,0,120,,770,15,,,0,80,,771,15,,,0,220,,772,15,,,0,165,,773,15,,,0
500,'4623',1321,,1250,15,,,0,120,,1246,15,,,0,80,,1247,15,,,0,220,,1248,15,,,0,165,,1249,15,,,0
500,'4931',1321,,783,15,,,0,120,,780,15,,,0,80,,781,15,,,0,220,,782,15,,,0
500,'5087',804,,1268,15,,,0,40,,1265,15,,,0,57,,1266,15,,,0,20,,1256,15,,,0,23,,1269,15,,,0,57,,1257,15,,,0,40,,1267,15,,,0,80,,1258,15,,,0,80,,1260,15,,,0,40,,1259,15,,,0,160,,1251,15,,,0,100,,1261,15,,,0,40,,1252,15,,,0,60,,1262,15,,,0,20,,1263,15,,,0,23,,1253,15,,,0,60,,1254,15,,,0,17,,1264,15,,,0,100,,1255,15,,,0
500,'5088',1321,,1273,15,,,0,120,,1270,15,,,0,80,,1271,15,,,0,220,,1272,15,,,0
500,'5284',941,,1277,15,,,0,100,,1278,15,,,0,80,,1286,15,,,0,80,,1279,15,,,0,40,,1280,15,,,0,80,,1281,15,,,0,80,,1274,15,,,0,40,,1275,15,,,0,80,,1276,15,,,0,80,,1282,15,,,0,40,,1283,15,,,0,103,,1284,15,,,0,102,,1285,15,,,0
500,'5285',956,,1289,15,,,0,145,,1290,15,,,0,115,,1291,15,,,0,189,,1292,15,,,0,120,,1287,15,,,0,120,,1288,15,,,0,91,,1293,15,,,0
500,'5287',804,,1311,15,,,0,40,,1308,15,,,0,57,,1309,15,,,0,20,,1299,15,,,0,23,,1312,15,,,0,57,,1300,15,,,0,40,,1310,15,,,0,80,,1301,15,,,0,80,,1303,15,,,0,40,,1302,15,,,0,160,,1294,15,,,0,100,,1304,15,,,0,40,,1295,15,,,0,60,,1305,15,,,0,20,,1306,15,,,0,23,,1296,15,,,0,60,,1297,15,,,0,17,,1307,15,,,0,100,,1298,15,,,0
500,'5288',1321,,1316,15,,,0,120,,1313,15,,,0,80,,1314,15,,,0,220,,1315,15,,,0
500,'5298',1321,,1321,15,,,0,120,,1317,15,,,0,80,,1318,15,,,0,220,,1319,15,,,0,165,,1320,15,,,0
