3100,'4653',815,,1480,15,4,,0,600,,1481,15,4,,0
3100,'5403',815,,961,15,4,,0,600,,962,15,4,,0
3101,'4653',1207,,1482,1,,,0,427,,1483,1,,,0
3101,'5403',1207,,963,1,,,0,427,,964,1,,,0
3200,'4653',815,,1484,1,,,0,240,,1485,1,,,0,468,,1486,1,,,0
3200,'5403',815,,965,1,,,0,240,,966,1,,,0,468,,967,1,,,0
3201,'4653',926,,1487,7,4,,0,280,,1488,7,4,,0,428,,1489,7,4,,0
3201,'5403',926,,968,7,4,,0,280,,969,7,4,,0,428,,970,7,4,,0
3301,'4653',946,,1490,1,,,0,63,,1490,11,4,,0,23,,1491,1,,,0,23,,1491,11,4,,0,385,,1492,1,,,0,63,,1492,11,4,,0
3301,'5403',946,,971,1,,,0,63,,971,11,4,,0,23,,972,1,,,0,23,,972,11,4,,0,385,,973,1,,,0,63,,973,11,4,,0
