700,'4159',1045,,810,20,,,0,155,,811,20,,,0,118,,812,20,,,0,137,,807,20,,,0,160,,808,20,,,0,120,,809,20,,,0
700,'4614',804,,819,20,,,0,17,,814,20,,,0,80,,815,20,,,0,100,,820,20,,,0,104,,822,20,,,0,96,,821,20,,,0,100,,816,20,,,0,100,,817,20,,,0,303,,818,20,,,0,48,,813,20,,,0
700,'4616',1010,,833,20,,,0,90,,823,20,,,0,100,,824,20,,,0,100,,834,20,,,0,100,,825,20,,,0,100,,831,20,,,0,100,,832,20,,,0,100,,828,20,,,0,100,,826,20,,,0,100,,827,20,,,0,52,,829,20,,,0,100,,830,20,,,0
700,'4619',1501,,839,20,,,0,40,,840,20,,,0,80,,835,20,,,0,231,,836,20,,,0,100,,837,20,,,0,100,,838,20,,,0
700,'4623',1501,,1326,20,,,0,40,,1327,20,,,0,80,,1322,20,,,0,231,,1323,20,,,0,100,,1324,20,,,0,100,,1325,20,,,0
700,'4931',1501,,848,20,,,0,40,,849,20,,,0,80,,847,20,,,0
700,'5087',804,,1334,20,,,0,17,,1329,20,,,0,80,,1330,20,,,0,100,,1335,20,,,0,104,,1337,20,,,0,96,,1336,20,,,0,100,,1331,20,,,0,100,,1332,20,,,0,303,,1333,20,,,0,48,,1328,20,,,0
700,'5088',1501,,1339,20,,,0,40,,1340,20,,,0,80,,1338,20,,,0
700,'5284',1010,,1351,20,,,0,90,,1341,20,,,0,100,,1342,20,,,0,100,,1352,20,,,0,100,,1343,20,,,0,100,,1349,20,,,0,100,,1350,20,,,0,100,,1346,20,,,0,100,,1344,20,,,0,100,,1345,20,,,0,52,,1347,20,,,0,100,,1348,20,,,0
700,'5285',1045,,1356,20,,,0,155,,1357,20,,,0,118,,1358,20,,,0,137,,1353,20,,,0,160,,1354,20,,,0,120,,1355,20,,,0
700,'5287',804,,1365,20,,,0,17,,1360,20,,,0,80,,1361,20,,,0,100,,1366,20,,,0,104,,1368,20,,,0,96,,1367,20,,,0,100,,1362,20,,,0,100,,1363,20,,,0,303,,1364,20,,,0,48,,1359,20,,,0
700,'5288',1501,,1370,20,,,0,40,,1371,20,,,0,80,,1369,20,,,0
700,'5298',1501,,1376,20,,,0,40,,1377,20,,,0,80,,1372,20,,,0,231,,1373,20,,,0,100,,1374,20,,,0,100,,1375,20,,,0
