400,'4614',741,,713,20,,,0,400,,711,20,,,0,280,,712,20,,,0
400,'4619',1741,,714,20,,,0
400,'4623',1741,,1226,20,,,0
400,'4931',1741,,716,20,,,0
400,'5087',741,,1229,20,,,0,400,,1227,20,,,0,280,,1228,20,,,0
400,'5088',1741,,1230,20,,,0
400,'5287',741,,1233,20,,,0,400,,1231,20,,,0,280,,1232,20,,,0
400,'5288',1741,,1234,20,,,0
400,'5298',1741,,1235,20,,,0
401,'4614',755,,723,8,,,0,400,,721,8,,,0,280,,722,8,,,0
401,'4619',1755,,724,8,,,0
401,'4623',1755,,1236,8,,,0
401,'4931',1755,,726,8,,,0
401,'5087',755,,1239,8,,,0,400,,1237,8,,,0,280,,1238,8,,,0
401,'5088',1755,,1240,8,,,0
401,'5287',755,,1243,8,,,0,400,,1241,8,,,0,280,,1242,8,,,0
401,'5288',1755,,1244,8,,,0
401,'5298',1755,,1245,8,,,0
