100,'4159',1020,,474,12,,,0,35,,467,12,,,0,81,,475,12,,,0,79,,468,12,,,0,41,,469,12,,,0,94,,470,12,,,0,81,,471,12,,,0,79,,476,12,,,0,41,,472,12,,,0,77,,477,12,,,0,83,,473,12,,,0
100,'4614',741,,488,12,,,0,96,,485,19,0,5 2 6 3 7,0,76,,489,12,,,0,100,,490,12,,,0,18,,482,12,,,0,82,,486,12,,,0,44,,491,12,,,0,76,,487,12,,,0,80,,483,12,,,0,124,,478,12,,,0,80,,479,19,0,5 2 6 3 7,0,26,,484,12,,,0,70,,480,12,,,0,120,,481,12,,,0
100,'4616',950,,504,12,,,0,85,,505,12,,,0,75,,499,12,,,0,45,,506,12,,,0,80,,492,12,,,0,75,,493,12,,,0,45,,500,12,,,0,80,,494,12,,,0,80,,495,12,,,0,40,,496,12,,,0,75,,503,12,,,0,95,,497,12,,,0,102,,498,12,,,0,103,,501,12,,,0,100,,502,12,,,0
100,'4619',1353,,510,12,,,0,300,,507,12,,,0,178,,511,12,,,0,100,,508,12,,,0,100,,509,12,,,0
100,'4623',1353,,985,12,,,0,300,,982,12,,,0,178,,986,12,,,0,100,,983,12,,,0,100,,984,12,,,0
100,'4931',1353,,518,12,,,0,300,,517,12,,,0
100,'5087',741,,997,12,,,0,96,,994,19,0,5 2 6 3 7,0,76,,998,12,,,0,100,,999,12,,,0,18,,991,12,,,0,82,,995,12,,,0,44,,1000,12,,,0,76,,996,12,,,0,80,,992,12,,,0,124,,987,12,,,0,80,,988,19,0,5 2 6 3 7,0,26,,993,12,,,0,70,,989,12,,,0,120,,990,12,,,0
100,'5088',1353,,1002,12,,,0,300,,1001,12,,,0
100,'5284',950,,1015,12,,,0,85,,1016,12,,,0,75,,1010,12,,,0,45,,1017,12,,,0,80,,1003,12,,,0,75,,1004,12,,,0,45,,1011,12,,,0,80,,1005,12,,,0,80,,1006,12,,,0,40,,1007,12,,,0,75,,1014,12,,,0,95,,1008,12,,,0,102,,1009,12,,,0,103,,1012,12,,,0,100,,1013,12,,,0
100,'5285',1020,,1025,12,,,0,35,,1018,12,,,0,81,,1026,12,,,0,79,,1019,12,,,0,41,,1020,12,,,0,94,,1021,12,,,0,81,,1022,12,,,0,79,,1027,12,,,0,41,,1023,12,,,0,77,,1028,12,,,0,83,,1024,12,,,0
100,'5287',741,,1039,12,,,0,96,,1036,19,0,5 2 6 3 7,0,76,,1040,12,,,0,100,,1041,12,,,0,18,,1033,12,,,0,82,,1037,12,,,0,44,,1042,12,,,0,76,,1038,12,,,0,80,,1034,12,,,0,124,,1029,12,,,0,80,,1030,19,0,5 2 6 3 7,0,26,,1035,12,,,0,70,,1031,12,,,0,120,,1032,12,,,0
100,'5288',1353,,1044,12,,,0,300,,1043,12,,,0
100,'5298',1353,,1048,12,,,0,300,,1045,12,,,0,178,,1049,12,,,0,100,,1046,12,,,0,100,,1047,12,,,0
101,'4159',1007,,543,11,,,0,35,,535,11,,,0,81,,544,11,,,0,79,,536,11,,,0,41,,537,11,,,0,94,,538,11,,,0,81,,539,11,,,0,39,,545,11,,,0,81,,540,11,,,0,77,,546,11,,,0,43,,541,11,,,0,89,,542,11,,,0
101,'4614',727,,557,11,,,0,90,,554,11,,,0,40,,558,11,,,0,100,,559,11,,,0,60,,551,11,,,0,40,,555,11,,,0,80,,560,11,,,0,80,,556,11,,,0,40,,552,11,,,0,160,,547,11,,,0,40,,548,11,,,0,70,,553,11,,,0,30,,549,11,,,0,160,,550,11,,,0
101,'4616',937,,574,11,,,0,85,,575,11,,,0,35,,568,11,,,0,85,,576,11,,,0,80,,561,11,,,0,35,,562,11,,,0,85,,569,11,,,0,80,,563,11,,,0,80,,564,11,,,0,40,,565,11,,,0,75,,573,11,,,0,95,,566,11,,,0,102,,567,11,,,0,103,,570,11,,,0,100,,571,11,,,0,100,,572,11,,,0
101,'4619',1337,,581,11,,,0,300,,577,11,,,0,180,,582,11,,,0,100,,578,11,,,0,100,,579,11,,,0,100,,580,11,,,0
101,'4623',1337,,1054,11,,,0,300,,1050,11,,,0,180,,1055,11,,,0,100,,1051,11,,,0,100,,1052,11,,,0,100,,1053,11,,,0
101,'4931',1337,,590,11,,,0,300,,589,11,,,0,180,,591,11,,,0
101,'5087',727,,1066,11,,,0,90,,1063,11,,,0,40,,1067,11,,,0,100,,1068,11,,,0,60,,1060,11,,,0,40,,1064,11,,,0,80,,1069,11,,,0,80,,1065,11,,,0,40,,1061,11,,,0,160,,1056,11,,,0,40,,1057,11,,,0,70,,1062,11,,,0,30,,1058,11,,,0,160,,1059,11,,,0
101,'5088',1337,,1071,11,,,0,300,,1070,11,,,0,180,,1072,11,,,0
101,'5284',937,,1086,11,,,0,85,,1087,11,,,0,35,,1080,11,,,0,85,,1088,11,,,0,80,,1073,11,,,0,35,,1074,11,,,0,85,,1081,11,,,0,80,,1075,11,,,0,80,,1076,11,,,0,40,,1077,11,,,0,75,,1085,11,,,0,95,,1078,11,,,0,102,,1079,11,,,0,103,,1082,11,,,0,100,,1083,11,,,0,100,,1084,11,,,0
101,'5285',1007,,1097,11,,,0,35,,1089,11,,,0,81,,1098,11,,,0,79,,1090,11,,,0,41,,1091,11,,,0,94,,1092,11,,,0,81,,1093,11,,,0,39,,1099,11,,,0,81,,1094,11,,,0,77,,1100,11,,,0,43,,1095,11,,,0,89,,1096,11,,,0
101,'5287',727,,1111,11,,,0,90,,1108,11,,,0,40,,1112,11,,,0,100,,1113,11,,,0,60,,1105,11,,,0,40,,1109,11,,,0,80,,1114,11,,,0,80,,1110,11,,,0,40,,1106,11,,,0,160,,1101,11,,,0,40,,1102,11,,,0,70,,1107,11,,,0,30,,1103,11,,,0,160,,1104,11,,,0
101,'5288',1337,,1116,11,,,0,300,,1115,11,,,0,180,,1117,11,,,0
101,'5298',1337,,1122,11,,,0,300,,1118,11,,,0,180,,1123,11,,,0,100,,1119,11,,,0,100,,1120,11,,,0,100,,1121,11,,,0
