3100,'4653',808,,1480,13,,,0,600,,1481,13,,,0
3100,'5403',808,,961,13,,,0,600,,962,13,,,0
3101,'4653',1222,,1482,9,,,0,427,,1483,9,,,0
3101,'5403',1222,,963,9,,,0,427,,964,9,,,0
3200,'4653',830,,1484,9,,,0,280,,1485,9,,,0,428,,1486,9,,,0
3200,'5403',830,,965,9,,,0,280,,966,9,,,0,428,,967,9,,,0
3201,'4653',919,,1487,5,,,0,240,,1488,5,,,0,468,,1489,5,,,0
3201,'5403',919,,968,5,,,0,240,,969,5,,,0,468,,970,5,,,0
3301,'4653',1001,,1490,9,,,0,46,,1491,9,,,0,408,,1492,9,,,0
3301,'5403',1001,,971,9,,,0,46,,972,9,,,0,408,,973,9,,,0
