500,'4159',948,,733,6,,,0,105,,734,6,,,0,155,,735,6,,,0,149,,736,6,,,0,160,,731,6,,,0,120,,732,6,,,0,91,,737,6,,,0
500,'4614',756,,755,6,,,0,80,,752,6,,,0,17,,753,6,,,0,60,,743,6,,,0,23,,756,6,,,0,17,,744,6,,,0,80,,754,6,,,0,80,,745,6,,,0,40,,747,6,,,0,80,,746,6,,,0,120,,738,6,,,0,100,,748,6,,,0,80,,739,6,,,0,20,,749,6,,,0,60,,750,6,,,0,23,,740,6,,,0,20,,741,6,,,0,57,,751,6,,,0,100,,742,6,,,0
500,'4616',933,,760,6,,,0,100,,761,6,,,0,80,,769,6,,,0,40,,762,6,,,0,80,,763,6,,,0,80,,764,6,,,0,40,,757,6,,,0,80,,758,6,,,0,80,,759,6,,,0,40,,765,6,,,0,80,,766,6,,,0,103,,767,6,,,0,102,,768,6,,,0
500,'4619',1313,,774,6,,,0,120,,770,6,,,0,80,,771,6,,,0,220,,772,6,,,0,125,,773,6,,,0
500,'4623',1313,,1250,6,,,0,120,,1246,6,,,0,80,,1247,6,,,0,220,,1248,6,,,0,125,,1249,6,,,0
500,'4931',1313,,783,6,,,0,120,,780,6,,,0,80,,781,6,,,0,220,,782,6,,,0
500,'5087',756,,1268,6,,,0,80,,1265,6,,,0,17,,1266,6,,,0,60,,1256,6,,,0,23,,1269,6,,,0,17,,1257,6,,,0,80,,1267,6,,,0,80,,1258,6,,,0,40,,1260,6,,,0,80,,1259,6,,,0,120,,1251,6,,,0,100,,1261,6,,,0,80,,1252,6,,,0,20,,1262,6,,,0,60,,1263,6,,,0,23,,1253,6,,,0,20,,1254,6,,,0,57,,1264,6,,,0,100,,1255,6,,,0
500,'5088',1313,,1273,6,,,0,120,,1270,6,,,0,80,,1271,6,,,0,220,,1272,6,,,0
500,'5284',933,,1277,6,,,0,100,,1278,6,,,0,80,,1286,6,,,0,40,,1279,6,,,0,80,,1280,6,,,0,80,,1281,6,,,0,40,,1274,6,,,0,80,,1275,6,,,0,80,,1276,6,,,0,40,,1282,6,,,0,80,,1283,6,,,0,103,,1284,6,,,0,102,,1285,6,,,0
500,'5285',948,,1289,6,,,0,105,,1290,6,,,0,155,,1291,6,,,0,149,,1292,6,,,0,160,,1287,6,,,0,120,,1288,6,,,0,91,,1293,6,,,0
500,'5287',756,,1311,6,,,0,80,,1308,6,,,0,17,,1309,6,,,0,60,,1299,6,,,0,23,,1312,6,,,0,17,,1300,6,,,0,80,,1310,6,,,0,80,,1301,6,,,0,40,,1303,6,,,0,80,,1302,6,,,0,120,,1294,6,,,0,100,,1304,6,,,0,80,,1295,6,,,0,20,,1305,6,,,0,60,,1306,6,,,0,23,,1296,6,,,0,20,,1297,6,,,0,57,,1307,6,,,0,100,,1298,6,,,0
500,'5288',1313,,1316,6,,,0,120,,1313,6,,,0,80,,1314,6,,,0,220,,1315,6,,,0
500,'5298',1313,,1321,6,,,0,120,,1317,6,,,0,80,,1318,6,,,0,220,,1319,6,,,0,125,,1320,6,,,0
