500,'4159',955,,733,13,,,0,145,,734,13,,,0,115,,735,13,,,0,189,,736,13,,,0,120,,731,13,,,0,120,,732,13,,,0,91,,737,13,,,0
500,'4614',803,,755,13,,,0,40,,752,13,,,0,57,,753,13,,,0,20,,743,13,,,0,23,,756,13,,,0,57,,744,13,,,0,40,,754,13,,,0,80,,745,13,,,0,80,,747,13,,,0,40,,746,13,,,0,160,,738,13,,,0,100,,748,13,,,0,40,,739,13,,,0,60,,749,13,,,0,20,,750,13,,,0,23,,740,13,,,0,60,,741,13,,,0,17,,751,13,,,0,100,,742,13,,,0
500,'4616',940,,760,13,,,0,100,,761,13,,,0,80,,769,13,,,0,80,,762,13,,,0,40,,763,13,,,0,80,,764,13,,,0,80,,757,13,,,0,40,,758,13,,,0,80,,759,13,,,0,80,,765,13,,,0,40,,766,13,,,0,103,,767,13,,,0,102,,768,13,,,0
500,'4619',1320,,774,13,,,0,120,,770,13,,,0,80,,771,13,,,0,220,,772,13,,,0,165,,773,13,,,0
500,'4623',1320,,1250,13,,,0,120,,1246,13,,,0,80,,1247,13,,,0,220,,1248,13,,,0,165,,1249,13,,,0
500,'4931',1320,,783,13,,,0,120,,780,13,,,0,80,,781,13,,,0,220,,782,13,,,0
500,'5087',803,,1268,13,,,0,40,,1265,13,,,0,57,,1266,13,,,0,20,,1256,13,,,0,23,,1269,13,,,0,57,,1257,13,,,0,40,,1267,13,,,0,80,,1258,13,,,0,80,,1260,13,,,0,40,,1259,13,,,0,160,,1251,13,,,0,100,,1261,13,,,0,40,,1252,13,,,0,60,,1262,13,,,0,20,,1263,13,,,0,23,,1253,13,,,0,60,,1254,13,,,0,17,,1264,13,,,0,100,,1255,13,,,0
500,'5088',1320,,1273,13,,,0,120,,1270,13,,,0,80,,1271,13,,,0,220,,1272,13,,,0
500,'5284',940,,1277,13,,,0,100,,1278,13,,,0,80,,1286,13,,,0,80,,1279,13,,,0,40,,1280,13,,,0,80,,1281,13,,,0,80,,1274,13,,,0,40,,1275,13,,,0,80,,1276,13,,,0,80,,1282,13,,,0,40,,1283,13,,,0,103,,1284,13,,,0,102,,1285,13,,,0
500,'5285',955,,1289,13,,,0,145,,1290,13,,,0,115,,1291,13,,,0,189,,1292,13,,,0,120,,1287,13,,,0,120,,1288,13,,,0,91,,1293,13,,,0
500,'5287',803,,1311,13,,,0,40,,1308,13,,,0,57,,1309,13,,,0,20,,1299,13,,,0,23,,1312,13,,,0,57,,1300,13,,,0,40,,1310,13,,,0,80,,1301,13,,,0,80,,1303,13,,,0,40,,1302,13,,,0,160,,1294,13,,,0,100,,1304,13,,,0,40,,1295,13,,,0,60,,1305,13,,,0,20,,1306,13,,,0,23,,1296,13,,,0,60,,1297,13,,,0,17,,1307,13,,,0,100,,1298,13,,,0
500,'5288',1320,,1316,13,,,0,120,,1313,13,,,0,80,,1314,13,,,0,220,,1315,13,,,0
500,'5298',1320,,1321,13,,,0,120,,1317,13,,,0,80,,1318,13,,,0,220,,1319,13,,,0,165,,1320,13,,,0
