1401,'4159',1021,,863,15,,,0,116,,864,15,,,0,120,,865,15,,,0,175,,866,15,,,0,120,,867,15,,,0,160,,868,15,,,0
1401,'4614',741,,871,15,,,0,75,,877,15,,,0,40,,878,15,,,0,83,,872,15,,,0,80,,879,15,,,0,40,,873,15,,,0,80,,875,15,,,0,80,,874,15,,,0,120,,869,15,,,0,297,,876,15,,,0,200,,870,15,,,0
1401,'4616',921,,894,15,,,0,80,,884,15,,,0,58,,895,15,,,0,80,,885,15,,,0,80,,886,15,,,0,40,,887,15,,,0,80,,880,15,,,0,80,,881,15,,,0,40,,882,15,,,0,80,,893,15,,,0,80,,888,15,,,0,35,,883,15,,,0,102,,889,15,,,0,103,,890,15,,,0,142,,891,15,,,0,100,,892,15,,,0
1401,'4619',1259,,901,15,,,0,160,,902,15,,,0,37,,896,15,,,0,80,,897,15,,,0,183,,898,15,,,0,197,,903,15,,,0,85,,899,15,,,0,100,,900,15,,,0
1401,'4623',1259,,1383,15,,,0,160,,1384,15,,,0,37,,1378,15,,,0,80,,1379,15,,,0,183,,1380,15,,,0,197,,1385,15,,,0,85,,1381,15,,,0,100,,1382,15,,,0
1401,'4931',1259,,915,15,,,0,160,,916,15,,,0,37,,912,15,,,0,80,,913,15,,,0,183,,914,15,,,0
1401,'5087',741,,1388,15,,,0,75,,1394,15,,,0,40,,1395,15,,,0,83,,1389,15,,,0,80,,1396,15,,,0,40,,1390,15,,,0,80,,1392,15,,,0,80,,1391,15,,,0,120,,1386,15,,,0,297,,1393,15,,,0,200,,1387,15,,,0
1401,'5088',1259,,1400,15,,,0,160,,1401,15,,,0,37,,1397,15,,,0,80,,1398,15,,,0,183,,1399,15,,,0
1401,'5284',921,,1416,15,,,0,80,,1406,15,,,0,58,,1417,15,,,0,80,,1407,15,,,0,80,,1408,15,,,0,40,,1409,15,,,0,80,,1402,15,,,0,80,,1403,15,,,0,40,,1404,15,,,0,80,,1415,15,,,0,80,,1410,15,,,0,35,,1405,15,,,0,102,,1411,15,,,0,103,,1412,15,,,0,142,,1413,15,,,0,100,,1414,15,,,0
1401,'5285',1021,,1418,15,,,0,116,,1419,15,,,0,120,,1420,15,,,0,175,,1421,15,,,0,120,,1422,15,,,0,160,,1423,15,,,0
1401,'5287',741,,1426,15,,,0,75,,1432,15,,,0,40,,1433,15,,,0,83,,1427,15,,,0,80,,1434,15,,,0,40,,1428,15,,,0,80,,1430,15,,,0,80,,1429,15,,,0,120,,1424,15,,,0,297,,1431,15,,,0,200,,1425,15,,,0
1401,'5288',1259,,1438,15,,,0,160,,1439,15,,,0,37,,1435,15,,,0,80,,1436,15,,,0,183,,1437,15,,,0
1401,'5298',1259,,1445,15,,,0,160,,1446,15,,,0,37,,1440,15,,,0,80,,1441,15,,,0,183,,1442,15,,,0,197,,1447,15,,,0,85,,1443,15,,,0,100,,1444,15,,,0
