100,'4614',835,,485,17,0,5 2 6 3 7,0,680,,479,17,0,5 2 6 3 7,0
100,'5087',835,,994,17,0,5 2 6 3 7,0,680,,988,17,0,5 2 6 3 7,0
100,'5287',835,,1036,17,0,5 2 6 3 7,0,680,,1030,17,0,5 2 6 3 7,0
101,'4159',1005,,543,8,,,0,35,,535,8,,,0,81,,544,8,,,0,79,,536,8,,,0,41,,537,8,,,0,94,,538,8,,,0,81,,539,8,,,0,39,,545,8,,,0,81,,540,8,,,0,77,,546,8,,,0,43,,541,8,,,0,89,,542,8,,,0
101,'4614',725,,557,8,,,0,90,,554,8,,,0,40,,558,8,,,0,100,,559,8,,,0,60,,551,8,,,0,40,,555,8,,,0,80,,560,8,,,0,80,,556,8,,,0,40,,552,8,,,0,160,,547,8,,,0,40,,548,8,,,0,70,,553,8,,,0,30,,549,8,,,0,160,,550,8,,,0
101,'4616',935,,574,8,,,0,85,,575,8,,,0,35,,568,8,,,0,85,,576,8,,,0,80,,561,8,,,0,35,,562,8,,,0,85,,569,8,,,0,80,,563,8,,,0,80,,564,8,,,0,40,,565,8,,,0,75,,573,8,,,0,95,,566,8,,,0,102,,567,8,,,0,103,,570,8,,,0,100,,571,8,,,0,100,,572,8,,,0
101,'4619',1335,,581,8,,,0,300,,577,8,,,0,180,,582,8,,,0,100,,578,8,,,0,100,,579,8,,,0,100,,580,8,,,0
101,'4623',1335,,1054,8,,,0,300,,1050,8,,,0,180,,1055,8,,,0,100,,1051,8,,,0,100,,1052,8,,,0,100,,1053,8,,,0
101,'4931',1335,,590,8,,,0,300,,589,8,,,0,180,,591,8,,,0
101,'5087',725,,1066,8,,,0,90,,1063,8,,,0,40,,1067,8,,,0,100,,1068,8,,,0,60,,1060,8,,,0,40,,1064,8,,,0,80,,1069,8,,,0,80,,1065,8,,,0,40,,1061,8,,,0,160,,1056,8,,,0,40,,1057,8,,,0,70,,1062,8,,,0,30,,1058,8,,,0,160,,1059,8,,,0
101,'5088',1335,,1071,8,,,0,300,,1070,8,,,0,180,,1072,8,,,0
101,'5284',935,,1086,8,,,0,85,,1087,8,,,0,35,,1080,8,,,0,85,,1088,8,,,0,80,,1073,8,,,0,35,,1074,8,,,0,85,,1081,8,,,0,80,,1075,8,,,0,80,,1076,8,,,0,40,,1077,8,,,0,75,,1085,8,,,0,95,,1078,8,,,0,102,,1079,8,,,0,103,,1082,8,,,0,100,,1083,8,,,0,100,,1084,8,,,0
101,'5285',1005,,1097,8,,,0,35,,1089,8,,,0,81,,1098,8,,,0,79,,1090,8,,,0,41,,1091,8,,,0,94,,1092,8,,,0,81,,1093,8,,,0,39,,1099,8,,,0,81,,1094,8,,,0,77,,1100,8,,,0,43,,1095,8,,,0,89,,1096,8,,,0
101,'5287',725,,1111,8,,,0,90,,1108,8,,,0,40,,1112,8,,,0,100,,1113,8,,,0,60,,1105,8,,,0,40,,1109,8,,,0,80,,1114,8,,,0,80,,1110,8,,,0,40,,1106,8,,,0,160,,1101,8,,,0,40,,1102,8,,,0,70,,1107,8,,,0,30,,1103,8,,,0,160,,1104,8,,,0
101,'5288',1335,,1116,8,,,0,300,,1115,8,,,0,180,,1117,8,,,0
101,'5298',1335,,1122,8,,,0,300,,1118,8,,,0,180,,1123,8,,,0,100,,1119,8,,,0,100,,1120,8,,,0,100,,1121,8,,,0
