500,'4159',950,,1289,9,,,0,105,,1290,9,,,0,155,,1291,9,,,0,149,,1292,9,,,0,160,,1287,9,,,0,120,,1288,9,,,0,91,,1293,9,,,0
500,'4614',758,,1311,9,,,0,80,,1308,9,,,0,17,,1309,9,,,0,60,,1299,9,,,0,23,,1312,9,,,0,17,,1300,9,,,0,80,,1310,9,,,0,80,,1301,9,,,0,40,,1303,9,,,0,80,,1302,9,,,0,120,,1294,9,,,0,100,,1304,9,,,0,80,,1295,9,,,0,20,,1305,9,,,0,60,,1306,9,,,0,23,,1296,9,,,0,20,,1297,9,,,0,57,,1307,9,,,0,100,,1298,9,,,0
500,'4616',935,,1277,9,,,0,100,,1278,9,,,0,80,,1286,9,,,0,40,,1279,9,,,0,80,,1280,9,,,0,80,,1281,9,,,0,40,,1274,9,,,0,80,,1275,9,,,0,80,,1276,9,,,0,40,,1282,9,,,0,80,,1283,9,,,0,103,,1284,9,,,0,102,,1285,9,,,0
500,'4619',1315,,1321,9,,,0,120,,1317,9,,,0,80,,1318,9,,,0,220,,1319,9,,,0,165,,1320,9,,,0
500,'4623',1315,,1250,9,,,0,120,,1246,9,,,0,80,,1247,9,,,0,220,,1248,9,,,0,165,,1249,9,,,0
500,'4931',1315,,1316,9,,,0,120,,1313,9,,,0,80,,1314,9,,,0,220,,1315,9,,,0
500,'5087',758,,1268,9,,,0,80,,1265,9,,,0,17,,1266,9,,,0,60,,1256,9,,,0,23,,1269,9,,,0,17,,1257,9,,,0,80,,1267,9,,,0,80,,1258,9,,,0,40,,1260,9,,,0,80,,1259,9,,,0,120,,1251,9,,,0,100,,1261,9,,,0,80,,1252,9,,,0,20,,1262,9,,,0,60,,1263,9,,,0,23,,1253,9,,,0,20,,1254,9,,,0,57,,1264,9,,,0,100,,1255,9,,,0
500,'5088',1315,,1273,9,,,0,120,,1270,9,,,0,80,,1271,9,,,0,220,,1272,9,,,0
2200,'4653',1648,,1451,2,0,10,0,65,,1449,2,0,10,0,30,,1453,2,0,10,0
2201,'4653',713,,1459,2,,,0,35,,1457,2,,,0,70,,1455,2,,,0
