100,'4614',834,,485,16,0,5 2 6 3 7,0,680,,479,16,0,5 2 6 3 7,0
100,'5087',834,,994,16,0,5 2 6 3 7,0,680,,988,16,0,5 2 6 3 7,0
100,'5287',834,,1036,16,0,5 2 6 3 7,0,680,,1030,16,0,5 2 6 3 7,0
101,'4159',1004,,543,7,,,0,35,,535,7,,,0,81,,544,7,,,0,39,,536,7,,,0,81,,537,7,,,0,94,,538,7,,,0,81,,539,7,,,0,39,,545,7,,,0,81,,540,7,,,0,77,,546,7,,,0,43,,541,7,,,0,89,,542,7,,,0
101,'4614',724,,557,7,,,0,90,,554,7,,,0,40,,558,7,,,0,100,,559,7,,,0,60,,551,7,,,0,40,,555,7,,,0,80,,560,7,,,0,80,,556,7,,,0,40,,552,7,,,0,160,,547,7,,,0,40,,548,7,,,0,70,,553,7,,,0,30,,549,7,,,0,160,,550,7,,,0
101,'4616',934,,574,7,,,0,85,,575,7,,,0,35,,568,7,,,0,85,,576,7,,,0,80,,561,7,,,0,35,,562,7,,,0,85,,569,7,,,0,80,,563,7,,,0,40,,564,7,,,0,80,,565,7,,,0,75,,573,7,,,0,95,,566,7,,,0,102,,567,7,,,0,103,,570,7,,,0,100,,571,7,,,0,100,,572,7,,,0
101,'4619',1334,,581,7,,,0,300,,577,7,,,0,180,,582,7,,,0,100,,578,7,,,0,100,,579,7,,,0,100,,580,7,,,0
101,'4623',1334,,1054,7,,,0,300,,1050,7,,,0,180,,1055,7,,,0,100,,1051,7,,,0,100,,1052,7,,,0,100,,1053,7,,,0
101,'4931',1334,,590,7,,,0,300,,589,7,,,0,180,,591,7,,,0
101,'5087',724,,1066,7,,,0,90,,1063,7,,,0,40,,1067,7,,,0,100,,1068,7,,,0,60,,1060,7,,,0,40,,1064,7,,,0,80,,1069,7,,,0,80,,1065,7,,,0,40,,1061,7,,,0,160,,1056,7,,,0,40,,1057,7,,,0,70,,1062,7,,,0,30,,1058,7,,,0,160,,1059,7,,,0
101,'5088',1334,,1071,7,,,0,300,,1070,7,,,0,180,,1072,7,,,0
101,'5284',934,,1086,7,,,0,85,,1087,7,,,0,35,,1080,7,,,0,85,,1088,7,,,0,80,,1073,7,,,0,35,,1074,7,,,0,85,,1081,7,,,0,80,,1075,7,,,0,40,,1076,7,,,0,80,,1077,7,,,0,75,,1085,7,,,0,95,,1078,7,,,0,102,,1079,7,,,0,103,,1082,7,,,0,100,,1083,7,,,0,100,,1084,7,,,0
101,'5285',1004,,1097,7,,,0,35,,1089,7,,,0,81,,1098,7,,,0,39,,1090,7,,,0,81,,1091,7,,,0,94,,1092,7,,,0,81,,1093,7,,,0,39,,1099,7,,,0,81,,1094,7,,,0,77,,1100,7,,,0,43,,1095,7,,,0,89,,1096,7,,,0
101,'5287',724,,1111,7,,,0,90,,1108,7,,,0,40,,1112,7,,,0,100,,1113,7,,,0,60,,1105,7,,,0,40,,1109,7,,,0,80,,1114,7,,,0,80,,1110,7,,,0,40,,1106,7,,,0,160,,1101,7,,,0,40,,1102,7,,,0,70,,1107,7,,,0,30,,1103,7,,,0,160,,1104,7,,,0
101,'5288',1334,,1116,7,,,0,300,,1115,7,,,0,180,,1117,7,,,0
101,'5298',1334,,1122,7,,,0,300,,1118,7,,,0,180,,1123,7,,,0,100,,1119,7,,,0,100,,1120,7,,,0,100,,1121,7,,,0
