301,'4159',1106,,658,9,,,0,120,,659,9,,,0,175,,660,9,,,0,120,,661,9,,,0,120,,662,9,,,0
301,'4614',740,,665,9,,,0,75,,667,9,,,0,24,,668,9,,,0,80,,666,9,,,0,107,,669,9,,,0,93,,670,9,,,0,100,,664,9,,,0,100,,663,9,,,0
301,'4616',920,,674,9,,,0,100,,675,9,,,0,100,,671,9,,,0,100,,680,9,,,0,103,,672,9,,,0,97,,678,9,,,0,100,,679,9,,,0,100,,673,9,,,0,100,,676,9,,,0,105,,677,9,,,0
301,'4619',1419,,681,9,,,0,100,,684,9,,,0,40,,682,9,,,0,100,,685,9,,,0,141,,683,9,,,0,46,,686,9,,,0
301,'4623',1419,,1173,9,,,0,100,,1176,9,,,0,40,,1174,9,,,0,100,,1177,9,,,0,141,,1175,9,,,0,46,,1178,9,,,0
301,'4931',1419,,693,9,,,0,100,,696,9,,,0,40,,694,9,,,0,100,,697,9,,,0,141,,695,9,,,0
301,'5087',740,,1181,9,,,0,75,,1183,9,,,0,24,,1184,9,,,0,80,,1182,9,,,0,107,,1185,9,,,0,93,,1186,9,,,0,100,,1180,9,,,0,100,,1179,9,,,0
301,'5088',1419,,1187,9,,,0,100,,1190,9,,,0,40,,1188,9,,,0,100,,1191,9,,,0,141,,1189,9,,,0
301,'5284',920,,1195,9,,,0,100,,1196,9,,,0,100,,1192,9,,,0,100,,1201,9,,,0,103,,1193,9,,,0,97,,1199,9,,,0,100,,1200,9,,,0,100,,1194,9,,,0,100,,1197,9,,,0,105,,1198,9,,,0
301,'5285',1106,,1202,9,,,0,120,,1203,9,,,0,175,,1204,9,,,0,120,,1205,9,,,0,120,,1206,9,,,0
301,'5287',740,,1209,9,,,0,75,,1211,9,,,0,24,,1212,9,,,0,80,,1210,9,,,0,107,,1213,9,,,0,93,,1214,9,,,0,100,,1208,9,,,0,100,,1207,9,,,0
301,'5288',1419,,1215,9,,,0,100,,1218,9,,,0,40,,1216,9,,,0,100,,1219,9,,,0,141,,1217,9,,,0
301,'5298',1419,,1220,9,,,0,100,,1223,9,,,0,40,,1221,9,,,0,100,,1224,9,,,0,141,,1222,9,,,0,46,,1225,9,,,0
