1401,'4159',1017,,863,6,,,0,116,,864,6,,,0,120,,865,6,,,0,175,,866,6,,,0,120,,867,6,,,0,160,,868,6,,,0
1401,'4614',737,,871,6,,,0,75,,877,6,,,0,40,,878,6,,,0,83,,872,6,,,0,80,,879,6,,,0,40,,873,6,,,0,80,,875,6,,,0,80,,874,6,,,0,120,,869,6,,,0,297,,876,6,,,0,200,,870,6,,,0
1401,'4616',917,,894,6,,,0,40,,884,6,,,0,98,,895,6,,,0,80,,885,6,,,0,80,,886,6,,,0,40,,887,6,,,0,80,,880,6,,,0,80,,881,6,,,0,40,,882,6,,,0,80,,893,6,,,0,80,,888,6,,,0,35,,883,6,,,0,102,,889,6,,,0,103,,890,6,,,0,102,,891,6,,,0,100,,892,6,,,0
1401,'4619',1255,,901,6,,,0,160,,902,6,,,0,37,,896,6,,,0,80,,897,6,,,0,183,,898,6,,,0,197,,903,6,,,0,45,,899,6,,,0,100,,900,6,,,0
1401,'4623',1255,,1383,6,,,0,160,,1384,6,,,0,37,,1378,6,,,0,80,,1379,6,,,0,183,,1380,6,,,0,197,,1385,6,,,0,45,,1381,6,,,0,100,,1382,6,,,0
1401,'4931',1255,,915,6,,,0,160,,916,6,,,0,37,,912,6,,,0,80,,913,6,,,0,183,,914,6,,,0
1401,'5087',737,,1388,6,,,0,75,,1394,6,,,0,40,,1395,6,,,0,83,,1389,6,,,0,80,,1396,6,,,0,40,,1390,6,,,0,80,,1392,6,,,0,80,,1391,6,,,0,120,,1386,6,,,0,297,,1393,6,,,0,200,,1387,6,,,0
1401,'5088',1255,,1400,6,,,0,160,,1401,6,,,0,37,,1397,6,,,0,80,,1398,6,,,0,183,,1399,6,,,0
1401,'5284',917,,1416,6,,,0,40,,1406,6,,,0,98,,1417,6,,,0,80,,1407,6,,,0,80,,1408,6,,,0,40,,1409,6,,,0,80,,1402,6,,,0,80,,1403,6,,,0,40,,1404,6,,,0,80,,1415,6,,,0,80,,1410,6,,,0,35,,1405,6,,,0,102,,1411,6,,,0,103,,1412,6,,,0,102,,1413,6,,,0,100,,1414,6,,,0
1401,'5285',1017,,1418,6,,,0,116,,1419,6,,,0,120,,1420,6,,,0,175,,1421,6,,,0,120,,1422,6,,,0,160,,1423,6,,,0
1401,'5287',737,,1426,6,,,0,75,,1432,6,,,0,40,,1433,6,,,0,83,,1427,6,,,0,80,,1434,6,,,0,40,,1428,6,,,0,80,,1430,6,,,0,80,,1429,6,,,0,120,,1424,6,,,0,297,,1431,6,,,0,200,,1425,6,,,0
1401,'5288',1255,,1438,6,,,0,160,,1439,6,,,0,37,,1435,6,,,0,80,,1436,6,,,0,183,,1437,6,,,0
1401,'5298',1255,,1445,6,,,0,160,,1446,6,,,0,37,,1440,6,,,0,80,,1441,6,,,0,183,,1442,6,,,0,197,,1447,6,,,0,45,,1443,6,,,0,100,,1444,6,,,0
