1401,'4159',1022,,863,16,,,0,116,,864,16,,,0,120,,865,16,,,0,175,,866,16,,,0,120,,867,16,,,0,160,,868,16,,,0
1401,'4614',742,,871,16,,,0,75,,877,16,,,0,40,,878,16,,,0,83,,872,16,,,0,80,,879,16,,,0,80,,873,16,,,0,40,,875,16,,,0,80,,874,16,,,0,120,,869,16,,,0,297,,876,16,,,0,200,,870,16,,,0
1401,'4616',922,,894,16,,,0,80,,884,16,,,0,98,,895,16,,,0,40,,885,16,,,0,80,,886,16,,,0,80,,887,16,,,0,40,,880,16,,,0,80,,881,16,,,0,80,,882,16,,,0,40,,893,16,,,0,80,,888,16,,,0,35,,883,16,,,0,102,,889,16,,,0,143,,890,16,,,0,102,,891,16,,,0,100,,892,16,,,0
1401,'4619',1300,,901,16,,,0,120,,902,16,,,0,37,,896,16,,,0,80,,897,16,,,0,183,,898,16,,,0,197,,903,16,,,0,85,,899,16,,,0,100,,900,16,,,0
1401,'4623',1300,,1383,16,,,0,120,,1384,16,,,0,37,,1378,16,,,0,80,,1379,16,,,0,183,,1380,16,,,0,197,,1385,16,,,0,85,,1381,16,,,0,100,,1382,16,,,0
1401,'4931',1300,,915,16,,,0,120,,916,16,,,0,37,,912,16,,,0,80,,913,16,,,0,183,,914,16,,,0
1401,'5087',742,,1388,16,,,0,75,,1394,16,,,0,40,,1395,16,,,0,83,,1389,16,,,0,80,,1396,16,,,0,80,,1390,16,,,0,40,,1392,16,,,0,80,,1391,16,,,0,120,,1386,16,,,0,297,,1393,16,,,0,200,,1387,16,,,0
1401,'5088',1300,,1400,16,,,0,120,,1401,16,,,0,37,,1397,16,,,0,80,,1398,16,,,0,183,,1399,16,,,0
1401,'5284',922,,1416,16,,,0,80,,1406,16,,,0,98,,1417,16,,,0,40,,1407,16,,,0,80,,1408,16,,,0,80,,1409,16,,,0,40,,1402,16,,,0,80,,1403,16,,,0,80,,1404,16,,,0,40,,1415,16,,,0,80,,1410,16,,,0,35,,1405,16,,,0,102,,1411,16,,,0,143,,1412,16,,,0,102,,1413,16,,,0,100,,1414,16,,,0
1401,'5285',1022,,1418,16,,,0,116,,1419,16,,,0,120,,1420,16,,,0,175,,1421,16,,,0,120,,1422,16,,,0,160,,1423,16,,,0
1401,'5287',742,,1426,16,,,0,75,,1432,16,,,0,40,,1433,16,,,0,83,,1427,16,,,0,80,,1434,16,,,0,80,,1428,16,,,0,40,,1430,16,,,0,80,,1429,16,,,0,120,,1424,16,,,0,297,,1431,16,,,0,200,,1425,16,,,0
1401,'5288',1300,,1438,16,,,0,120,,1439,16,,,0,37,,1435,16,,,0,80,,1436,16,,,0,183,,1437,16,,,0
1401,'5298',1300,,1445,16,,,0,120,,1446,16,,,0,37,,1440,16,,,0,80,,1441,16,,,0,183,,1442,16,,,0,197,,1447,16,,,0,85,,1443,16,,,0,100,,1444,16,,,0
