700,'4159',1046,,810,21,,,0,155,,811,21,,,0,118,,812,21,,,0,137,,807,21,,,0,160,,808,21,,,0,120,,809,21,,,0
700,'4614',805,,819,21,,,0,17,,814,21,,,0,80,,815,21,,,0,100,,820,21,,,0,104,,822,21,,,0,96,,821,21,,,0,100,,816,21,,,0,100,,817,21,,,0,303,,818,21,,,0,48,,813,21,,,0
700,'4616',1011,,833,21,,,0,90,,823,21,,,0,100,,824,21,,,0,100,,834,21,,,0,100,,825,21,,,0,100,,831,21,,,0,100,,832,21,,,0,100,,828,21,,,0,100,,826,21,,,0,100,,827,21,,,0,52,,829,21,,,0,100,,830,21,,,0
700,'4619',1502,,839,21,,,0,40,,840,21,,,0,80,,835,21,,,0,231,,836,21,,,0,100,,837,21,,,0,100,,838,21,,,0
700,'4623',1502,,1326,21,,,0,40,,1327,21,,,0,80,,1322,21,,,0,231,,1323,21,,,0,100,,1324,21,,,0,100,,1325,21,,,0
700,'4931',1502,,848,21,,,0,40,,849,21,,,0,80,,847,21,,,0
700,'5087',805,,1334,21,,,0,17,,1329,21,,,0,80,,1330,21,,,0,100,,1335,21,,,0,104,,1337,21,,,0,96,,1336,21,,,0,100,,1331,21,,,0,100,,1332,21,,,0,303,,1333,21,,,0,48,,1328,21,,,0
700,'5088',1502,,1339,21,,,0,40,,1340,21,,,0,80,,1338,21,,,0
700,'5284',1011,,1351,21,,,0,90,,1341,21,,,0,100,,1342,21,,,0,100,,1352,21,,,0,100,,1343,21,,,0,100,,1349,21,,,0,100,,1350,21,,,0,100,,1346,21,,,0,100,,1344,21,,,0,100,,1345,21,,,0,52,,1347,21,,,0,100,,1348,21,,,0
700,'5285',1046,,1356,21,,,0,155,,1357,21,,,0,118,,1358,21,,,0,137,,1353,21,,,0,160,,1354,21,,,0,120,,1355,21,,,0
700,'5287',805,,1365,21,,,0,17,,1360,21,,,0,80,,1361,21,,,0,100,,1366,21,,,0,104,,1368,21,,,0,96,,1367,21,,,0,100,,1362,21,,,0,100,,1363,21,,,0,303,,1364,21,,,0,48,,1359,21,,,0
700,'5288',1502,,1370,21,,,0,40,,1371,21,,,0,80,,1369,21,,,0
700,'5298',1502,,1376,21,,,0,40,,1377,21,,,0,80,,1372,21,,,0,231,,1373,21,,,0,100,,1374,21,,,0,100,,1375,21,,,0
