200,'4159',1004,,609,11,,,0,116,,610,11,,,0,120,,611,11,,,0,175,,612,11,,,0,120,,613,11,,,0,120,,614,11,,,0
200,'4614',758,,616,11,,,0,80,,617,11,,,0,100,,620,11,,,0,104,,622,11,,,0,96,,621,11,,,0,100,,618,11,,,0,100,,619,11,,,0,462,,615,11,,,0
200,'4616',1034,,623,11,,,0,100,,624,11,,,0,100,,631,11,,,0,105,,625,11,,,0,95,,630,11,,,0,105,,629,11,,,0,95,,626,11,,,0,105,,627,11,,,0,100,,628,11,,,0
200,'4619',1435,,632,11,,,0,120,,633,11,,,0,85,,634,11,,,0,75,,635,11,,,0,185,,636,11,,,0
200,'4623',1435,,1124,11,,,0,120,,1125,11,,,0,85,,1126,11,,,0,75,,1127,11,,,0,185,,1128,11,,,0
200,'4931',1435,,642,11,,,0,120,,643,11,,,0,85,,644,11,,,0,75,,645,11,,,0
200,'5087',758,,1130,11,,,0,80,,1131,11,,,0,100,,1134,11,,,0,104,,1136,11,,,0,96,,1135,11,,,0,100,,1132,11,,,0,100,,1133,11,,,0,462,,1129,11,,,0
200,'5088',1435,,1137,11,,,0,120,,1138,11,,,0,85,,1139,11,,,0,75,,1140,11,,,0
200,'5284',1034,,1141,11,,,0,100,,1142,11,,,0,100,,1149,11,,,0,105,,1143,11,,,0,95,,1148,11,,,0,105,,1147,11,,,0,95,,1144,11,,,0,105,,1145,11,,,0,100,,1146,11,,,0
200,'5285',1004,,1150,11,,,0,116,,1151,11,,,0,120,,1152,11,,,0,175,,1153,11,,,0,120,,1154,11,,,0,120,,1155,11,,,0
200,'5287',758,,1157,11,,,0,80,,1158,11,,,0,100,,1161,11,,,0,104,,1163,11,,,0,96,,1162,11,,,0,100,,1159,11,,,0,100,,1160,11,,,0,462,,1156,11,,,0
200,'5288',1435,,1164,11,,,0,120,,1165,11,,,0,85,,1166,11,,,0,75,,1167,11,,,0
200,'5298',1435,,1168,11,,,0,120,,1169,11,,,0,85,,1170,11,,,0,75,,1171,11,,,0,185,,1172,11,,,0
