400,'4614',739,,713,16,,,0,400,,711,16,,,0,280,,712,16,,,0
400,'4619',1739,,714,16,,,0
400,'4623',1739,,1226,16,,,0
400,'4931',1739,,716,16,,,0
400,'5087',739,,1229,16,,,0,400,,1227,16,,,0,280,,1228,16,,,0
400,'5088',1739,,1230,16,,,0
400,'5287',739,,1233,16,,,0,400,,1231,16,,,0,280,,1232,16,,,0
400,'5288',1739,,1234,16,,,0
400,'5298',1739,,1235,16,,,0
401,'4614',754,,723,4,,,0,400,,721,4,,,0,280,,722,4,,,0
401,'4619',1754,,724,4,,,0
401,'4623',1754,,1236,4,,,0
401,'4931',1754,,726,4,,,0
401,'5087',754,,1239,4,,,0,400,,1237,4,,,0,280,,1238,4,,,0
401,'5088',1754,,1240,4,,,0
401,'5287',754,,1243,4,,,0,400,,1241,4,,,0,280,,1242,4,,,0
401,'5288',1754,,1244,4,,,0
401,'5298',1754,,1245,4,,,0
