500,'4159',947,,733,4,,,0,105,,734,4,,,0,155,,735,4,,,0,149,,736,4,,,0,160,,731,4,,,0,120,,732,4,,,0,91,,737,4,,,0
500,'4614',755,,755,4,,,0,80,,752,4,,,0,17,,753,4,,,0,60,,743,4,,,0,23,,756,4,,,0,17,,744,4,,,0,80,,754,4,,,0,80,,745,4,,,0,40,,747,4,,,0,80,,746,4,,,0,120,,738,4,,,0,100,,748,4,,,0,80,,739,4,,,0,20,,749,4,,,0,60,,750,4,,,0,23,,740,4,,,0,20,,741,4,,,0,57,,751,4,,,0,100,,742,4,,,0
500,'4616',932,,760,4,,,0,100,,761,4,,,0,80,,769,4,,,0,40,,762,4,,,0,80,,763,4,,,0,80,,764,4,,,0,40,,757,4,,,0,80,,758,4,,,0,80,,759,4,,,0,40,,765,4,,,0,80,,766,4,,,0,103,,767,4,,,0,102,,768,4,,,0
500,'4619',1312,,774,4,,,0,120,,770,4,,,0,80,,771,4,,,0,220,,772,4,,,0,125,,773,4,,,0
500,'4623',1312,,1250,4,,,0,120,,1246,4,,,0,80,,1247,4,,,0,220,,1248,4,,,0,125,,1249,4,,,0
500,'4931',1312,,783,4,,,0,120,,780,4,,,0,80,,781,4,,,0,220,,782,4,,,0
500,'5087',755,,1268,4,,,0,80,,1265,4,,,0,17,,1266,4,,,0,60,,1256,4,,,0,23,,1269,4,,,0,17,,1257,4,,,0,80,,1267,4,,,0,80,,1258,4,,,0,40,,1260,4,,,0,80,,1259,4,,,0,120,,1251,4,,,0,100,,1261,4,,,0,80,,1252,4,,,0,20,,1262,4,,,0,60,,1263,4,,,0,23,,1253,4,,,0,20,,1254,4,,,0,57,,1264,4,,,0,100,,1255,4,,,0
500,'5088',1312,,1273,4,,,0,120,,1270,4,,,0,80,,1271,4,,,0,220,,1272,4,,,0
500,'5284',932,,1277,4,,,0,100,,1278,4,,,0,80,,1286,4,,,0,40,,1279,4,,,0,80,,1280,4,,,0,80,,1281,4,,,0,40,,1274,4,,,0,80,,1275,4,,,0,80,,1276,4,,,0,40,,1282,4,,,0,80,,1283,4,,,0,103,,1284,4,,,0,102,,1285,4,,,0
500,'5285',947,,1289,4,,,0,105,,1290,4,,,0,155,,1291,4,,,0,149,,1292,4,,,0,160,,1287,4,,,0,120,,1288,4,,,0,91,,1293,4,,,0
500,'5287',755,,1311,4,,,0,80,,1308,4,,,0,17,,1309,4,,,0,60,,1299,4,,,0,23,,1312,4,,,0,17,,1300,4,,,0,80,,1310,4,,,0,80,,1301,4,,,0,40,,1303,4,,,0,80,,1302,4,,,0,120,,1294,4,,,0,100,,1304,4,,,0,80,,1295,4,,,0,20,,1305,4,,,0,60,,1306,4,,,0,23,,1296,4,,,0,20,,1297,4,,,0,57,,1307,4,,,0,100,,1298,4,,,0
500,'5288',1312,,1316,4,,,0,120,,1313,4,,,0,80,,1314,4,,,0,220,,1315,4,,,0
500,'5298',1312,,1321,4,,,0,120,,1317,4,,,0,80,,1318,4,,,0,220,,1319,4,,,0,125,,1320,4,,,0
