400,'4614',740,,713,18,,,0,400,,711,18,,,0,280,,712,18,,,0
400,'4619',1740,,714,18,,,0
400,'4623',1740,,1226,18,,,0
400,'4931',1740,,716,18,,,0
400,'5087',740,,1229,18,,,0,400,,1227,18,,,0,280,,1228,18,,,0
400,'5088',1740,,1230,18,,,0
400,'5287',740,,1233,18,,,0,400,,1231,18,,,0,280,,1232,18,,,0
400,'5288',1740,,1234,18,,,0
400,'5298',1740,,1235,18,,,0
401,'4614',754,,723,6,,,0,400,,721,6,,,0,280,,722,6,,,0
401,'4619',1754,,724,6,,,0
401,'4623',1754,,1236,6,,,0
401,'4931',1754,,726,6,,,0
401,'5087',754,,1239,6,,,0,400,,1237,6,,,0,280,,1238,6,,,0
401,'5088',1754,,1240,6,,,0
401,'5287',754,,1243,6,,,0,400,,1241,6,,,0,280,,1242,6,,,0
401,'5288',1754,,1244,6,,,0
401,'5298',1754,,1245,6,,,0
