500,'4159',949,,733,7,,,0,105,,734,7,,,0,155,,735,7,,,0,149,,736,7,,,0,160,,731,7,,,0,120,,732,7,,,0,91,,737,7,,,0
500,'4614',757,,755,7,,,0,80,,752,7,,,0,17,,753,7,,,0,60,,743,7,,,0,23,,756,7,,,0,17,,744,7,,,0,80,,754,7,,,0,80,,745,7,,,0,40,,747,7,,,0,80,,746,7,,,0,120,,738,7,,,0,100,,748,7,,,0,80,,739,7,,,0,20,,749,7,,,0,60,,750,7,,,0,23,,740,7,,,0,20,,741,7,,,0,57,,751,7,,,0,100,,742,7,,,0
500,'4616',934,,760,7,,,0,100,,761,7,,,0,80,,769,7,,,0,40,,762,7,,,0,80,,763,7,,,0,80,,764,7,,,0,40,,757,7,,,0,80,,758,7,,,0,80,,759,7,,,0,40,,765,7,,,0,80,,766,7,,,0,103,,767,7,,,0,102,,768,7,,,0
500,'4619',1314,,774,7,,,0,120,,770,7,,,0,80,,771,7,,,0,220,,772,7,,,0,125,,773,7,,,0
500,'4623',1314,,1250,7,,,0,120,,1246,7,,,0,80,,1247,7,,,0,220,,1248,7,,,0,125,,1249,7,,,0
500,'4931',1314,,783,7,,,0,120,,780,7,,,0,80,,781,7,,,0,220,,782,7,,,0
500,'5087',757,,1268,7,,,0,80,,1265,7,,,0,17,,1266,7,,,0,60,,1256,7,,,0,23,,1269,7,,,0,17,,1257,7,,,0,80,,1267,7,,,0,80,,1258,7,,,0,40,,1260,7,,,0,80,,1259,7,,,0,120,,1251,7,,,0,100,,1261,7,,,0,80,,1252,7,,,0,20,,1262,7,,,0,60,,1263,7,,,0,23,,1253,7,,,0,20,,1254,7,,,0,57,,1264,7,,,0,100,,1255,7,,,0
500,'5088',1314,,1273,7,,,0,120,,1270,7,,,0,80,,1271,7,,,0,220,,1272,7,,,0
500,'5284',934,,1277,7,,,0,100,,1278,7,,,0,80,,1286,7,,,0,40,,1279,7,,,0,80,,1280,7,,,0,80,,1281,7,,,0,40,,1274,7,,,0,80,,1275,7,,,0,80,,1276,7,,,0,40,,1282,7,,,0,80,,1283,7,,,0,103,,1284,7,,,0,102,,1285,7,,,0
500,'5285',949,,1289,7,,,0,105,,1290,7,,,0,155,,1291,7,,,0,149,,1292,7,,,0,160,,1287,7,,,0,120,,1288,7,,,0,91,,1293,7,,,0
500,'5287',757,,1311,7,,,0,80,,1308,7,,,0,17,,1309,7,,,0,60,,1299,7,,,0,23,,1312,7,,,0,17,,1300,7,,,0,80,,1310,7,,,0,80,,1301,7,,,0,40,,1303,7,,,0,80,,1302,7,,,0,120,,1294,7,,,0,100,,1304,7,,,0,80,,1295,7,,,0,20,,1305,7,,,0,60,,1306,7,,,0,23,,1296,7,,,0,20,,1297,7,,,0,57,,1307,7,,,0,100,,1298,7,,,0
500,'5288',1314,,1316,7,,,0,120,,1313,7,,,0,80,,1314,7,,,0,220,,1315,7,,,0
500,'5298',1314,,1321,7,,,0,120,,1317,7,,,0,80,,1318,7,,,0,220,,1319,7,,,0,125,,1320,7,,,0
