500,'4159',954,,733,11,,,0,105,,734,11,,,0,155,,735,11,,,0,189,,736,11,,,0,120,,731,11,,,0,120,,732,11,,,0,91,,737,11,,,0
500,'4614',802,,755,11,,,0,40,,752,11,,,0,17,,753,11,,,0,60,,743,11,,,0,23,,756,11,,,0,17,,744,11,,,0,80,,754,11,,,0,80,,745,11,,,0,40,,747,11,,,0,80,,746,11,,,0,120,,738,11,,,0,100,,748,11,,,0,80,,739,11,,,0,20,,749,11,,,0,60,,750,11,,,0,23,,740,11,,,0,60,,741,11,,,0,17,,751,11,,,0,100,,742,11,,,0
500,'4616',939,,760,11,,,0,100,,761,11,,,0,80,,769,11,,,0,40,,762,11,,,0,80,,763,11,,,0,80,,764,11,,,0,40,,757,11,,,0,80,,758,11,,,0,80,,759,11,,,0,40,,765,11,,,0,80,,766,11,,,0,103,,767,11,,,0,102,,768,11,,,0
500,'4619',1319,,774,11,,,0,120,,770,11,,,0,80,,771,11,,,0,220,,772,11,,,0,165,,773,11,,,0
500,'4623',1319,,1250,11,,,0,120,,1246,11,,,0,80,,1247,11,,,0,220,,1248,11,,,0,165,,1249,11,,,0
500,'4931',1319,,783,11,,,0,120,,780,11,,,0,80,,781,11,,,0,220,,782,11,,,0
500,'5087',802,,1268,11,,,0,40,,1265,11,,,0,17,,1266,11,,,0,60,,1256,11,,,0,23,,1269,11,,,0,17,,1257,11,,,0,80,,1267,11,,,0,80,,1258,11,,,0,40,,1260,11,,,0,80,,1259,11,,,0,120,,1251,11,,,0,100,,1261,11,,,0,80,,1252,11,,,0,20,,1262,11,,,0,60,,1263,11,,,0,23,,1253,11,,,0,60,,1254,11,,,0,17,,1264,11,,,0,100,,1255,11,,,0
500,'5088',1319,,1273,11,,,0,120,,1270,11,,,0,80,,1271,11,,,0,220,,1272,11,,,0
500,'5284',939,,1277,11,,,0,100,,1278,11,,,0,80,,1286,11,,,0,40,,1279,11,,,0,80,,1280,11,,,0,80,,1281,11,,,0,40,,1274,11,,,0,80,,1275,11,,,0,80,,1276,11,,,0,40,,1282,11,,,0,80,,1283,11,,,0,103,,1284,11,,,0,102,,1285,11,,,0
500,'5285',954,,1289,11,,,0,105,,1290,11,,,0,155,,1291,11,,,0,189,,1292,11,,,0,120,,1287,11,,,0,120,,1288,11,,,0,91,,1293,11,,,0
500,'5287',802,,1311,11,,,0,40,,1308,11,,,0,17,,1309,11,,,0,60,,1299,11,,,0,23,,1312,11,,,0,17,,1300,11,,,0,80,,1310,11,,,0,80,,1301,11,,,0,40,,1303,11,,,0,80,,1302,11,,,0,120,,1294,11,,,0,100,,1304,11,,,0,80,,1295,11,,,0,20,,1305,11,,,0,60,,1306,11,,,0,23,,1296,11,,,0,60,,1297,11,,,0,17,,1307,11,,,0,100,,1298,11,,,0
500,'5288',1319,,1316,11,,,0,120,,1313,11,,,0,80,,1314,11,,,0,220,,1315,11,,,0
500,'5298',1319,,1321,11,,,0,120,,1317,11,,,0,80,,1318,11,,,0,220,,1319,11,,,0,165,,1320,11,,,0
