200,'4159',1010,,609,22,,,0,116,,610,22,,,0,120,,611,22,,,0,175,,612,22,,,0,120,,613,22,,,0,160,,614,22,,,0
200,'4614',804,,616,22,,,0,40,,617,22,,,0,100,,620,22,,,0,104,,622,22,,,0,96,,621,22,,,0,100,,618,22,,,0,100,,619,22,,,0,462,,615,22,,,0
200,'4616',1040,,623,22,,,0,100,,624,22,,,0,100,,631,22,,,0,105,,625,22,,,0,95,,630,22,,,0,105,,629,22,,,0,95,,626,22,,,0,105,,627,22,,,0,100,,628,22,,,0
200,'4619',1441,,632,22,,,0,160,,633,22,,,0,45,,634,22,,,0,75,,635,22,,,0,185,,636,22,,,0
200,'4623',1441,,1124,22,,,0,160,,1125,22,,,0,45,,1126,22,,,0,75,,1127,22,,,0,185,,1128,22,,,0
200,'4931',1441,,642,22,,,0,160,,643,22,,,0,45,,644,22,,,0,75,,645,22,,,0
200,'5087',804,,1130,22,,,0,40,,1131,22,,,0,100,,1134,22,,,0,104,,1136,22,,,0,96,,1135,22,,,0,100,,1132,22,,,0,100,,1133,22,,,0,462,,1129,22,,,0
200,'5088',1441,,1137,22,,,0,160,,1138,22,,,0,45,,1139,22,,,0,75,,1140,22,,,0
200,'5284',1040,,1141,22,,,0,100,,1142,22,,,0,100,,1149,22,,,0,105,,1143,22,,,0,95,,1148,22,,,0,105,,1147,22,,,0,95,,1144,22,,,0,105,,1145,22,,,0,100,,1146,22,,,0
200,'5285',1010,,1150,22,,,0,116,,1151,22,,,0,120,,1152,22,,,0,175,,1153,22,,,0,120,,1154,22,,,0,160,,1155,22,,,0
200,'5287',804,,1157,22,,,0,40,,1158,22,,,0,100,,1161,22,,,0,104,,1163,22,,,0,96,,1162,22,,,0,100,,1159,22,,,0,100,,1160,22,,,0,462,,1156,22,,,0
200,'5288',1441,,1164,22,,,0,160,,1165,22,,,0,45,,1166,22,,,0,75,,1167,22,,,0
200,'5298',1441,,1168,22,,,0,160,,1169,22,,,0,45,,1170,22,,,0,75,,1171,22,,,0,185,,1172,22,,,0
1401,'4159',1026,,863,25,,,0,116,,864,25,,,0,160,,865,25,,,0,135,,866,25,,,0,120,,867,25,,,0,160,,868,25,,,0
1401,'4614',746,,871,25,,,0,76,,877,25,,,0,79,,878,25,,,0,43,,872,25,,,0,80,,879,25,,,0,80,,873,25,,,0,40,,875,25,,,0,80,,874,25,,,0,120,,869,25,,,0,297,,876,25,,,0,200,,870,25,,,0
1401,'4616',926,,894,25,,,0,80,,884,25,,,0,98,,895,25,,,0,40,,885,25,,,0,80,,886,25,,,0,80,,887,25,,,0,40,,880,25,,,0,80,,881,25,,,0,80,,882,25,,,0,40,,893,25,,,0,80,,888,25,,,0,35,,883,25,,,0,142,,889,25,,,0,103,,890,25,,,0,102,,891,25,,,0,100,,892,25,,,0
1401,'4619',1304,,901,25,,,0,120,,902,25,,,0,77,,896,25,,,0,40,,897,25,,,0,183,,898,25,,,0,197,,903,25,,,0,85,,899,25,,,0,100,,900,25,,,0
1401,'4623',1304,,1383,25,,,0,120,,1384,25,,,0,77,,1378,25,,,0,40,,1379,25,,,0,183,,1380,25,,,0,197,,1385,25,,,0,85,,1381,25,,,0,100,,1382,25,,,0
1401,'4931',1304,,915,25,,,0,120,,916,25,,,0,77,,912,25,,,0,40,,913,25,,,0,183,,914,25,,,0
1401,'5087',746,,1388,25,,,0,75,,1394,25,,,0,80,,1395,25,,,0,43,,1389,25,,,0,80,,1396,25,,,0,80,,1390,25,,,0,40,,1392,25,,,0,80,,1391,25,,,0,120,,1386,25,,,0,297,,1393,25,,,0,200,,1387,25,,,0
1401,'5088',1304,,1400,25,,,0,120,,1401,25,,,0,77,,1397,25,,,0,40,,1398,25,,,0,183,,1399,25,,,0
1401,'5284',926,,1416,25,,,0,80,,1406,25,,,0,98,,1417,25,,,0,40,,1407,25,,,0,80,,1408,25,,,0,80,,1409,25,,,0,40,,1402,25,,,0,80,,1403,25,,,0,80,,1404,25,,,0,40,,1415,25,,,0,80,,1410,25,,,0,35,,1405,25,,,0,142,,1411,25,,,0,103,,1412,25,,,0,102,,1413,25,,,0,100,,1414,25,,,0
1401,'5285',1026,,1418,25,,,0,116,,1419,25,,,0,160,,1420,25,,,0,135,,1421,25,,,0,120,,1422,25,,,0,160,,1423,25,,,0
1401,'5287',746,,1426,25,,,0,76,,1432,25,,,0,79,,1433,25,,,0,43,,1427,25,,,0,80,,1434,25,,,0,80,,1428,25,,,0,40,,1430,25,,,0,80,,1429,25,,,0,120,,1424,25,,,0,297,,1431,25,,,0,200,,1425,25,,,0
1401,'5288',1304,,1438,25,,,0,120,,1439,25,,,0,77,,1435,25,,,0,40,,1436,25,,,0,183,,1437,25,,,0
1401,'5298',1304,,1445,25,,,0,120,,1446,25,,,0,77,,1440,25,,,0,40,,1441,25,,,0,183,,1442,25,,,0,197,,1447,25,,,0,85,,1443,25,,,0,100,,1444,25,,,0
