100,'4159',1015,,474,6,,,0,35,,467,6,,,0,81,,475,6,,,0,79,,468,6,,,0,41,,469,6,,,0,94,,470,6,,,0,81,,471,6,,,0,79,,476,6,,,0,41,,472,6,,,0,77,,477,6,,,0,83,,473,6,,,0
100,'4614',736,,488,6,,,0,92,,485,6,0,5 2 6 3 7,0,80,,489,6,,,0,100,,490,6,,,0,18,,482,6,,,0,82,,486,6,,,0,44,,491,6,,,0,76,,487,6,,,0,80,,483,6,,,0,124,,478,6,,,0,76,,479,6,0,5 2 6 3 7,0,30,,484,6,,,0,70,,480,6,,,0,120,,481,6,,,0
100,'4616',945,,504,6,,,0,85,,505,6,,,0,75,,499,6,,,0,45,,506,6,,,0,80,,492,6,,,0,75,,493,6,,,0,45,,500,6,,,0,80,,494,6,,,0,80,,495,6,,,0,40,,496,6,,,0,75,,503,6,,,0,95,,497,6,,,0,102,,498,6,,,0,103,,501,6,,,0,100,,502,6,,,0
100,'4619',1348,,510,6,,,0,300,,507,6,,,0,178,,511,6,,,0,100,,508,6,,,0,100,,509,6,,,0
100,'4623',1348,,985,6,,,0,300,,982,6,,,0,178,,986,6,,,0,100,,983,6,,,0,100,,984,6,,,0
100,'4931',1348,,518,6,,,0,300,,517,6,,,0
100,'5087',736,,997,6,,,0,92,,994,6,0,5 2 6 3 7,0,80,,998,6,,,0,100,,999,6,,,0,18,,991,6,,,0,82,,995,6,,,0,44,,1000,6,,,0,76,,996,6,,,0,80,,992,6,,,0,124,,987,6,,,0,76,,988,6,0,5 2 6 3 7,0,30,,993,6,,,0,70,,989,6,,,0,120,,990,6,,,0
100,'5088',1348,,1002,6,,,0,300,,1001,6,,,0
100,'5284',945,,1015,6,,,0,85,,1016,6,,,0,75,,1010,6,,,0,45,,1017,6,,,0,80,,1003,6,,,0,75,,1004,6,,,0,45,,1011,6,,,0,80,,1005,6,,,0,80,,1006,6,,,0,40,,1007,6,,,0,75,,1014,6,,,0,95,,1008,6,,,0,102,,1009,6,,,0,103,,1012,6,,,0,100,,1013,6,,,0
100,'5285',1015,,1025,6,,,0,35,,1018,6,,,0,81,,1026,6,,,0,79,,1019,6,,,0,41,,1020,6,,,0,94,,1021,6,,,0,81,,1022,6,,,0,79,,1027,6,,,0,41,,1023,6,,,0,77,,1028,6,,,0,83,,1024,6,,,0
100,'5287',736,,1039,6,,,0,92,,1036,6,0,5 2 6 3 7,0,80,,1040,6,,,0,100,,1041,6,,,0,18,,1033,6,,,0,82,,1037,6,,,0,44,,1042,6,,,0,76,,1038,6,,,0,80,,1034,6,,,0,124,,1029,6,,,0,76,,1030,6,0,5 2 6 3 7,0,30,,1035,6,,,0,70,,1031,6,,,0,120,,1032,6,,,0
100,'5288',1348,,1044,6,,,0,300,,1043,6,,,0
100,'5298',1348,,1048,6,,,0,300,,1045,6,,,0,178,,1049,6,,,0,100,,1046,6,,,0,100,,1047,6,,,0
