100,'4159',1018,,474,10,,,0,35,,467,10,,,0,81,,475,10,,,0,79,,468,10,,,0,41,,469,10,,,0,94,,470,10,,,0,81,,471,10,,,0,79,,476,10,,,0,41,,472,10,,,0,77,,477,10,,,0,83,,473,10,,,0
100,'4614',739,,488,10,,,0,172,,489,10,,,0,100,,490,10,,,0,18,,482,10,,,0,82,,486,10,,,0,44,,491,10,,,0,76,,487,10,,,0,80,,483,10,,,0,124,,478,10,,,0,106,,484,10,,,0,70,,480,10,,,0,120,,481,10,,,0
100,'4616',948,,504,10,,,0,85,,505,10,,,0,75,,499,10,,,0,45,,506,10,,,0,80,,492,10,,,0,75,,493,10,,,0,45,,500,10,,,0,80,,494,10,,,0,80,,495,10,,,0,40,,496,10,,,0,75,,503,10,,,0,95,,497,10,,,0,102,,498,10,,,0,103,,501,10,,,0,100,,502,10,,,0
100,'4619',1351,,510,10,,,0,300,,507,10,,,0,178,,511,10,,,0,100,,508,10,,,0,100,,509,10,,,0
100,'4623',1351,,985,10,,,0,300,,982,10,,,0,178,,986,10,,,0,100,,983,10,,,0,100,,984,10,,,0
100,'4931',1351,,518,10,,,0,300,,517,10,,,0
100,'5087',739,,997,10,,,0,172,,998,10,,,0,100,,999,10,,,0,18,,991,10,,,0,82,,995,10,,,0,44,,1000,10,,,0,76,,996,10,,,0,80,,992,10,,,0,124,,987,10,,,0,106,,993,10,,,0,70,,989,10,,,0,120,,990,10,,,0
100,'5088',1351,,1002,10,,,0,300,,1001,10,,,0
100,'5284',948,,1015,10,,,0,85,,1016,10,,,0,75,,1010,10,,,0,45,,1017,10,,,0,80,,1003,10,,,0,75,,1004,10,,,0,45,,1011,10,,,0,80,,1005,10,,,0,80,,1006,10,,,0,40,,1007,10,,,0,75,,1014,10,,,0,95,,1008,10,,,0,102,,1009,10,,,0,103,,1012,10,,,0,100,,1013,10,,,0
100,'5285',1018,,1025,10,,,0,35,,1018,10,,,0,81,,1026,10,,,0,79,,1019,10,,,0,41,,1020,10,,,0,94,,1021,10,,,0,81,,1022,10,,,0,79,,1027,10,,,0,41,,1023,10,,,0,77,,1028,10,,,0,83,,1024,10,,,0
100,'5287',739,,1039,10,,,0,172,,1040,10,,,0,100,,1041,10,,,0,18,,1033,10,,,0,82,,1037,10,,,0,44,,1042,10,,,0,76,,1038,10,,,0,80,,1034,10,,,0,124,,1029,10,,,0,106,,1035,10,,,0,70,,1031,10,,,0,120,,1032,10,,,0
100,'5288',1351,,1044,10,,,0,300,,1043,10,,,0
100,'5298',1351,,1048,10,,,0,300,,1045,10,,,0,178,,1049,10,,,0,100,,1046,10,,,0,100,,1047,10,,,0
