301,'4159',1104,,658,5,,,0,120,,659,5,,,0,135,,660,5,,,0,160,,661,5,,,0,120,,662,5,,,0
301,'4614',738,,665,5,,,0,75,,667,5,,,0,24,,668,5,,,0,80,,666,5,,,0,107,,669,5,,,0,93,,670,5,,,0,100,,664,5,,,0,100,,663,5,,,0
301,'4616',918,,674,5,,,0,100,,675,5,,,0,100,,671,5,,,0,100,,680,5,,,0,103,,672,5,,,0,97,,678,5,,,0,100,,679,5,,,0,100,,673,5,,,0,100,,676,5,,,0,105,,677,5,,,0
301,'4619',1417,,681,5,,,0,100,,684,5,,,0,40,,682,5,,,0,100,,685,5,,,0,101,,683,5,,,0,86,,686,5,,,0
301,'4623',1417,,1173,5,,,0,100,,1176,5,,,0,40,,1174,5,,,0,100,,1177,5,,,0,101,,1175,5,,,0,86,,1178,5,,,0
301,'4931',1417,,693,5,,,0,100,,696,5,,,0,40,,694,5,,,0,100,,697,5,,,0,101,,695,5,,,0
301,'5087',738,,1181,5,,,0,75,,1183,5,,,0,24,,1184,5,,,0,80,,1182,5,,,0,107,,1185,5,,,0,93,,1186,5,,,0,100,,1180,5,,,0,100,,1179,5,,,0
301,'5088',1417,,1187,5,,,0,100,,1190,5,,,0,40,,1188,5,,,0,100,,1191,5,,,0,101,,1189,5,,,0
301,'5284',918,,1195,5,,,0,100,,1196,5,,,0,100,,1192,5,,,0,100,,1201,5,,,0,103,,1193,5,,,0,97,,1199,5,,,0,100,,1200,5,,,0,100,,1194,5,,,0,100,,1197,5,,,0,105,,1198,5,,,0
301,'5285',1104,,1202,5,,,0,120,,1203,5,,,0,135,,1204,5,,,0,160,,1205,5,,,0,120,,1206,5,,,0
301,'5287',738,,1209,5,,,0,75,,1211,5,,,0,24,,1212,5,,,0,80,,1210,5,,,0,107,,1213,5,,,0,93,,1214,5,,,0,100,,1208,5,,,0,100,,1207,5,,,0
301,'5288',1417,,1215,5,,,0,100,,1218,5,,,0,40,,1216,5,,,0,100,,1219,5,,,0,101,,1217,5,,,0
301,'5298',1417,,1220,5,,,0,100,,1223,5,,,0,40,,1221,5,,,0,100,,1224,5,,,0,101,,1222,5,,,0,86,,1225,5,,,0
