500,'4159',955,,733,14,,,0,145,,734,14,,,0,115,,735,14,,,0,189,,736,14,,,0,120,,731,14,,,0,120,,732,14,,,0,91,,737,14,,,0
500,'4614',803,,755,14,,,0,40,,752,14,,,0,57,,753,14,,,0,20,,743,14,,,0,23,,756,14,,,0,57,,744,14,,,0,40,,754,14,,,0,80,,745,14,,,0,80,,747,14,,,0,40,,746,14,,,0,160,,738,14,,,0,100,,748,14,,,0,40,,739,14,,,0,60,,749,14,,,0,20,,750,14,,,0,23,,740,14,,,0,60,,741,14,,,0,17,,751,14,,,0,100,,742,14,,,0
500,'4616',940,,760,14,,,0,100,,761,14,,,0,80,,769,14,,,0,80,,762,14,,,0,40,,763,14,,,0,80,,764,14,,,0,80,,757,14,,,0,40,,758,14,,,0,80,,759,14,,,0,80,,765,14,,,0,40,,766,14,,,0,103,,767,14,,,0,102,,768,14,,,0
500,'4619',1320,,774,14,,,0,120,,770,14,,,0,80,,771,14,,,0,220,,772,14,,,0,165,,773,14,,,0
500,'4623',1320,,1250,14,,,0,120,,1246,14,,,0,80,,1247,14,,,0,220,,1248,14,,,0,165,,1249,14,,,0
500,'4931',1320,,783,14,,,0,120,,780,14,,,0,80,,781,14,,,0,220,,782,14,,,0
500,'5087',803,,1268,14,,,0,40,,1265,14,,,0,57,,1266,14,,,0,20,,1256,14,,,0,23,,1269,14,,,0,57,,1257,14,,,0,40,,1267,14,,,0,80,,1258,14,,,0,80,,1260,14,,,0,40,,1259,14,,,0,160,,1251,14,,,0,100,,1261,14,,,0,40,,1252,14,,,0,60,,1262,14,,,0,20,,1263,14,,,0,23,,1253,14,,,0,60,,1254,14,,,0,17,,1264,14,,,0,100,,1255,14,,,0
500,'5088',1320,,1273,14,,,0,120,,1270,14,,,0,80,,1271,14,,,0,220,,1272,14,,,0
500,'5284',940,,1277,14,,,0,100,,1278,14,,,0,80,,1286,14,,,0,80,,1279,14,,,0,40,,1280,14,,,0,80,,1281,14,,,0,80,,1274,14,,,0,40,,1275,14,,,0,80,,1276,14,,,0,80,,1282,14,,,0,40,,1283,14,,,0,103,,1284,14,,,0,102,,1285,14,,,0
500,'5285',955,,1289,14,,,0,145,,1290,14,,,0,115,,1291,14,,,0,189,,1292,14,,,0,120,,1287,14,,,0,120,,1288,14,,,0,91,,1293,14,,,0
500,'5287',803,,1311,14,,,0,40,,1308,14,,,0,57,,1309,14,,,0,20,,1299,14,,,0,23,,1312,14,,,0,57,,1300,14,,,0,40,,1310,14,,,0,80,,1301,14,,,0,80,,1303,14,,,0,40,,1302,14,,,0,160,,1294,14,,,0,100,,1304,14,,,0,40,,1295,14,,,0,60,,1305,14,,,0,20,,1306,14,,,0,23,,1296,14,,,0,60,,1297,14,,,0,17,,1307,14,,,0,100,,1298,14,,,0
500,'5288',1320,,1316,14,,,0,120,,1313,14,,,0,80,,1314,14,,,0,220,,1315,14,,,0
500,'5298',1320,,1321,14,,,0,120,,1317,14,,,0,80,,1318,14,,,0,220,,1319,14,,,0,165,,1320,14,,,0
