200,'4159',1002,,609,6,,,0,116,,610,6,,,0,120,,611,6,,,0,175,,612,6,,,0,120,,613,6,,,0,120,,614,6,,,0
200,'4614',756,,616,6,,,0,80,,617,6,,,0,100,,620,6,,,0,104,,622,6,,,0,96,,621,6,,,0,100,,618,6,,,0,100,,619,6,,,0,422,,615,6,,,0
200,'4616',1032,,623,6,,,0,100,,624,6,,,0,100,,631,6,,,0,105,,625,6,,,0,95,,630,6,,,0,105,,629,6,,,0,95,,626,6,,,0,105,,627,6,,,0,100,,628,6,,,0
200,'4619',1433,,632,6,,,0,120,,633,6,,,0,85,,634,6,,,0,75,,635,6,,,0,145,,636,6,,,0
200,'4623',1433,,1124,6,,,0,120,,1125,6,,,0,85,,1126,6,,,0,75,,1127,6,,,0,145,,1128,6,,,0
200,'4931',1433,,642,6,,,0,120,,643,6,,,0,85,,644,6,,,0,75,,645,6,,,0
200,'5087',756,,1130,6,,,0,80,,1131,6,,,0,100,,1134,6,,,0,104,,1136,6,,,0,96,,1135,6,,,0,100,,1132,6,,,0,100,,1133,6,,,0,422,,1129,6,,,0
200,'5088',1433,,1137,6,,,0,120,,1138,6,,,0,85,,1139,6,,,0,75,,1140,6,,,0
200,'5284',1032,,1141,6,,,0,100,,1142,6,,,0,100,,1149,6,,,0,105,,1143,6,,,0,95,,1148,6,,,0,105,,1147,6,,,0,95,,1144,6,,,0,105,,1145,6,,,0,100,,1146,6,,,0
200,'5285',1002,,1150,6,,,0,116,,1151,6,,,0,120,,1152,6,,,0,175,,1153,6,,,0,120,,1154,6,,,0,120,,1155,6,,,0
200,'5287',756,,1157,6,,,0,80,,1158,6,,,0,100,,1161,6,,,0,104,,1163,6,,,0,96,,1162,6,,,0,100,,1159,6,,,0,100,,1160,6,,,0,422,,1156,6,,,0
200,'5288',1433,,1164,6,,,0,120,,1165,6,,,0,85,,1166,6,,,0,75,,1167,6,,,0
200,'5298',1433,,1168,6,,,0,120,,1169,6,,,0,85,,1170,6,,,0,75,,1171,6,,,0,145,,1172,6,,,0
