1401,'4159',1018,,863,10,,,0,116,,864,10,,,0,120,,865,10,,,0,175,,866,10,,,0,120,,867,10,,,0,160,,868,10,,,0
1401,'4614',738,,871,10,,,0,75,,877,10,,,0,40,,878,10,,,0,83,,872,10,,,0,80,,879,10,,,0,40,,873,10,,,0,80,,875,10,,,0,80,,874,10,,,0,120,,869,10,,,0,297,,876,10,,,0,200,,870,10,,,0
1401,'4616',918,,894,10,,,0,40,,884,10,,,0,98,,895,10,,,0,80,,885,10,,,0,80,,886,10,,,0,40,,887,10,,,0,80,,880,10,,,0,80,,881,10,,,0,40,,882,10,,,0,80,,893,10,,,0,80,,888,10,,,0,35,,883,10,,,0,102,,889,10,,,0,103,,890,10,,,0,102,,891,10,,,0,100,,892,10,,,0
1401,'4619',1256,,901,10,,,0,160,,902,10,,,0,37,,896,10,,,0,80,,897,10,,,0,183,,898,10,,,0,197,,903,10,,,0,45,,899,10,,,0,100,,900,10,,,0
1401,'4623',1256,,1383,10,,,0,160,,1384,10,,,0,37,,1378,10,,,0,80,,1379,10,,,0,183,,1380,10,,,0,197,,1385,10,,,0,45,,1381,10,,,0,100,,1382,10,,,0
1401,'4931',1256,,915,10,,,0,160,,916,10,,,0,37,,912,10,,,0,80,,913,10,,,0,183,,914,10,,,0
1401,'5087',738,,1388,10,,,0,75,,1394,10,,,0,40,,1395,10,,,0,83,,1389,10,,,0,80,,1396,10,,,0,40,,1390,10,,,0,80,,1392,10,,,0,80,,1391,10,,,0,120,,1386,10,,,0,297,,1393,10,,,0,200,,1387,10,,,0
1401,'5088',1256,,1400,10,,,0,160,,1401,10,,,0,37,,1397,10,,,0,80,,1398,10,,,0,183,,1399,10,,,0
1401,'5284',918,,1416,10,,,0,40,,1406,10,,,0,98,,1417,10,,,0,80,,1407,10,,,0,80,,1408,10,,,0,40,,1409,10,,,0,80,,1402,10,,,0,80,,1403,10,,,0,40,,1404,10,,,0,80,,1415,10,,,0,80,,1410,10,,,0,35,,1405,10,,,0,102,,1411,10,,,0,103,,1412,10,,,0,102,,1413,10,,,0,100,,1414,10,,,0
1401,'5285',1018,,1418,10,,,0,116,,1419,10,,,0,120,,1420,10,,,0,175,,1421,10,,,0,120,,1422,10,,,0,160,,1423,10,,,0
1401,'5287',738,,1426,10,,,0,75,,1432,10,,,0,40,,1433,10,,,0,83,,1427,10,,,0,80,,1434,10,,,0,40,,1428,10,,,0,80,,1430,10,,,0,80,,1429,10,,,0,120,,1424,10,,,0,297,,1431,10,,,0,200,,1425,10,,,0
1401,'5288',1256,,1438,10,,,0,160,,1439,10,,,0,37,,1435,10,,,0,80,,1436,10,,,0,183,,1437,10,,,0
1401,'5298',1256,,1445,10,,,0,160,,1446,10,,,0,37,,1440,10,,,0,80,,1441,10,,,0,183,,1442,10,,,0,197,,1447,10,,,0,45,,1443,10,,,0,100,,1444,10,,,0
