100,'4159',1023,,474,16,,,0,35,,467,16,,,0,81,,475,16,,,0,79,,468,16,,,0,41,,469,16,,,0,94,,470,16,,,0,81,,471,16,,,0,79,,476,16,,,0,41,,472,16,,,0,77,,477,16,,,0,83,,473,16,,,0
100,'4614',744,,488,16,,,0,96,,485,23,0,5 2 6 3 7,0,76,,489,16,,,0,100,,490,16,,,0,18,,482,16,,,0,82,,486,16,,,0,84,,491,16,,,0,36,,487,16,,,0,80,,483,16,,,0,124,,478,16,,,0,80,,479,23,0,5 2 6 3 7,0,26,,484,16,,,0,70,,480,16,,,0,120,,481,16,,,0
100,'4616',953,,504,16,,,0,85,,505,16,,,0,75,,499,16,,,0,45,,506,16,,,0,80,,492,16,,,0,75,,493,16,,,0,45,,500,16,,,0,80,,494,16,,,0,80,,495,16,,,0,40,,496,16,,,0,75,,503,16,,,0,95,,497,16,,,0,102,,498,16,,,0,103,,501,16,,,0,100,,502,16,,,0
100,'4619',1356,,510,16,,,0,300,,507,16,,,0,178,,511,16,,,0,100,,508,16,,,0,100,,509,16,,,0
100,'4623',1356,,985,16,,,0,300,,982,16,,,0,178,,986,16,,,0,100,,983,16,,,0,100,,984,16,,,0
100,'4931',1356,,518,16,,,0,300,,517,16,,,0
100,'5087',744,,997,16,,,0,96,,994,23,0,5 2 6 3 7,0,76,,998,16,,,0,100,,999,16,,,0,18,,991,16,,,0,82,,995,16,,,0,84,,1000,16,,,0,36,,996,16,,,0,80,,992,16,,,0,124,,987,16,,,0,80,,988,23,0,5 2 6 3 7,0,26,,993,16,,,0,70,,989,16,,,0,120,,990,16,,,0
100,'5088',1356,,1002,16,,,0,300,,1001,16,,,0
100,'5284',953,,1015,16,,,0,85,,1016,16,,,0,75,,1010,16,,,0,45,,1017,16,,,0,80,,1003,16,,,0,75,,1004,16,,,0,45,,1011,16,,,0,80,,1005,16,,,0,80,,1006,16,,,0,40,,1007,16,,,0,75,,1014,16,,,0,95,,1008,16,,,0,102,,1009,16,,,0,103,,1012,16,,,0,100,,1013,16,,,0
100,'5285',1023,,1025,16,,,0,35,,1018,16,,,0,81,,1026,16,,,0,79,,1019,16,,,0,41,,1020,16,,,0,94,,1021,16,,,0,81,,1022,16,,,0,79,,1027,16,,,0,41,,1023,16,,,0,77,,1028,16,,,0,83,,1024,16,,,0
100,'5287',744,,1039,16,,,0,96,,1036,23,0,5 2 6 3 7,0,76,,1040,16,,,0,100,,1041,16,,,0,18,,1033,16,,,0,82,,1037,16,,,0,84,,1042,16,,,0,36,,1038,16,,,0,80,,1034,16,,,0,124,,1029,16,,,0,80,,1030,23,0,5 2 6 3 7,0,26,,1035,16,,,0,70,,1031,16,,,0,120,,1032,16,,,0
100,'5288',1356,,1044,16,,,0,300,,1043,16,,,0
100,'5298',1356,,1048,16,,,0,300,,1045,16,,,0,178,,1049,16,,,0,100,,1046,16,,,0,100,,1047,16,,,0
401,'4614',805,,723,15,,,0,400,,721,15,,,0,240,,722,15,,,0
401,'4619',1805,,724,15,,,0
401,'4623',1805,,1236,15,,,0
401,'4931',1805,,726,15,,,0
401,'5087',805,,1239,15,,,0,400,,1237,15,,,0,240,,1238,15,,,0
401,'5088',1805,,1240,15,,,0
401,'5287',805,,1243,15,,,0,400,,1241,15,,,0,240,,1242,15,,,0
401,'5288',1805,,1244,15,,,0
401,'5298',1805,,1245,15,,,0
