1401,'4159',1021,,863,14,,,0,116,,864,14,,,0,120,,865,14,,,0,175,,866,14,,,0,120,,867,14,,,0,160,,868,14,,,0
1401,'4614',741,,871,14,,,0,75,,877,14,,,0,40,,878,14,,,0,83,,872,14,,,0,80,,879,14,,,0,40,,873,14,,,0,80,,875,14,,,0,80,,874,14,,,0,120,,869,14,,,0,297,,876,14,,,0,200,,870,14,,,0
1401,'4616',921,,894,14,,,0,80,,884,14,,,0,58,,895,14,,,0,80,,885,14,,,0,80,,886,14,,,0,40,,887,14,,,0,80,,880,14,,,0,80,,881,14,,,0,40,,882,14,,,0,80,,893,14,,,0,80,,888,14,,,0,35,,883,14,,,0,102,,889,14,,,0,103,,890,14,,,0,142,,891,14,,,0,100,,892,14,,,0
1401,'4619',1259,,901,14,,,0,160,,902,14,,,0,37,,896,14,,,0,80,,897,14,,,0,183,,898,14,,,0,197,,903,14,,,0,85,,899,14,,,0,100,,900,14,,,0
1401,'4623',1259,,1383,14,,,0,160,,1384,14,,,0,37,,1378,14,,,0,80,,1379,14,,,0,183,,1380,14,,,0,197,,1385,14,,,0,85,,1381,14,,,0,100,,1382,14,,,0
1401,'4931',1259,,915,14,,,0,160,,916,14,,,0,37,,912,14,,,0,80,,913,14,,,0,183,,914,14,,,0
1401,'5087',741,,1388,14,,,0,75,,1394,14,,,0,40,,1395,14,,,0,83,,1389,14,,,0,80,,1396,14,,,0,40,,1390,14,,,0,80,,1392,14,,,0,80,,1391,14,,,0,120,,1386,14,,,0,297,,1393,14,,,0,200,,1387,14,,,0
1401,'5088',1259,,1400,14,,,0,160,,1401,14,,,0,37,,1397,14,,,0,80,,1398,14,,,0,183,,1399,14,,,0
1401,'5284',921,,1416,14,,,0,80,,1406,14,,,0,58,,1417,14,,,0,80,,1407,14,,,0,80,,1408,14,,,0,40,,1409,14,,,0,80,,1402,14,,,0,80,,1403,14,,,0,40,,1404,14,,,0,80,,1415,14,,,0,80,,1410,14,,,0,35,,1405,14,,,0,102,,1411,14,,,0,103,,1412,14,,,0,142,,1413,14,,,0,100,,1414,14,,,0
1401,'5285',1021,,1418,14,,,0,116,,1419,14,,,0,120,,1420,14,,,0,175,,1421,14,,,0,120,,1422,14,,,0,160,,1423,14,,,0
1401,'5287',741,,1426,14,,,0,75,,1432,14,,,0,40,,1433,14,,,0,83,,1427,14,,,0,80,,1434,14,,,0,40,,1428,14,,,0,80,,1430,14,,,0,80,,1429,14,,,0,120,,1424,14,,,0,297,,1431,14,,,0,200,,1425,14,,,0
1401,'5288',1259,,1438,14,,,0,160,,1439,14,,,0,37,,1435,14,,,0,80,,1436,14,,,0,183,,1437,14,,,0
1401,'5298',1259,,1445,14,,,0,160,,1446,14,,,0,37,,1440,14,,,0,80,,1441,14,,,0,183,,1442,14,,,0,197,,1447,14,,,0,85,,1443,14,,,0,100,,1444,14,,,0
