101,'4159',1012,,543,18,,,0,35,,535,18,,,0,81,,544,18,,,0,79,,536,18,,,0,41,,537,18,,,0,94,,538,18,,,0,81,,539,18,,,0,79,,545,18,,,0,41,,540,18,,,0,77,,546,18,,,0,83,,541,18,,,0,49,,542,18,,,0
101,'4614',733,,557,18,,,0,90,,554,18,,,0,80,,558,18,,,0,100,,559,18,,,0,20,,551,18,,,0,80,,555,18,,,0,40,,560,18,,,0,80,,556,18,,,0,80,,552,18,,,0,120,,547,18,,,0,80,,548,18,,,0,30,,553,18,,,0,70,,549,18,,,0,120,,550,18,,,0
101,'4616',942,,574,18,,,0,85,,575,18,,,0,75,,568,18,,,0,45,,576,18,,,0,80,,561,18,,,0,75,,562,18,,,0,45,,569,18,,,0,80,,563,18,,,0,80,,564,18,,,0,40,,565,18,,,0,75,,573,18,,,0,95,,566,18,,,0,102,,567,18,,,0,103,,570,18,,,0,100,,571,18,,,0,100,,572,18,,,0
101,'4619',1343,,581,18,,,0,300,,577,18,,,0,180,,582,18,,,0,100,,578,18,,,0,100,,579,18,,,0,100,,580,18,,,0
101,'4623',1343,,1054,18,,,0,300,,1050,18,,,0,180,,1055,18,,,0,100,,1051,18,,,0,100,,1052,18,,,0,100,,1053,18,,,0
101,'4931',1343,,590,18,,,0,300,,589,18,,,0,180,,591,18,,,0
101,'5087',733,,1066,18,,,0,90,,1063,18,,,0,80,,1067,18,,,0,100,,1068,18,,,0,20,,1060,18,,,0,80,,1064,18,,,0,40,,1069,18,,,0,80,,1065,18,,,0,80,,1061,18,,,0,120,,1056,18,,,0,80,,1057,18,,,0,30,,1062,18,,,0,70,,1058,18,,,0,120,,1059,18,,,0
101,'5088',1343,,1071,18,,,0,300,,1070,18,,,0,180,,1072,18,,,0
101,'5284',942,,1086,18,,,0,85,,1087,18,,,0,75,,1080,18,,,0,45,,1088,18,,,0,80,,1073,18,,,0,75,,1074,18,,,0,45,,1081,18,,,0,80,,1075,18,,,0,80,,1076,18,,,0,40,,1077,18,,,0,75,,1085,18,,,0,95,,1078,18,,,0,102,,1079,18,,,0,103,,1082,18,,,0,100,,1083,18,,,0,100,,1084,18,,,0
101,'5285',1012,,1097,18,,,0,35,,1089,18,,,0,81,,1098,18,,,0,79,,1090,18,,,0,41,,1091,18,,,0,94,,1092,18,,,0,81,,1093,18,,,0,79,,1099,18,,,0,41,,1094,18,,,0,77,,1100,18,,,0,83,,1095,18,,,0,49,,1096,18,,,0
101,'5287',733,,1111,18,,,0,90,,1108,18,,,0,80,,1112,18,,,0,100,,1113,18,,,0,20,,1105,18,,,0,80,,1109,18,,,0,40,,1114,18,,,0,80,,1110,18,,,0,80,,1106,18,,,0,120,,1101,18,,,0,80,,1102,18,,,0,30,,1107,18,,,0,70,,1103,18,,,0,120,,1104,18,,,0
101,'5288',1343,,1116,18,,,0,300,,1115,18,,,0,180,,1117,18,,,0
101,'5298',1343,,1122,18,,,0,300,,1118,18,,,0,180,,1123,18,,,0,100,,1119,18,,,0,100,,1120,18,,,0,100,,1121,18,,,0
