301,'4159',1109,,658,15,,,0,120,,659,15,,,0,175,,660,15,,,0,120,,661,15,,,0,120,,662,15,,,0
301,'4614',743,,665,15,,,0,75,,667,15,,,0,24,,668,15,,,0,80,,666,15,,,0,107,,669,15,,,0,93,,670,15,,,0,100,,664,15,,,0,100,,663,15,,,0
301,'4616',923,,674,15,,,0,100,,675,15,,,0,100,,671,15,,,0,100,,680,15,,,0,103,,672,15,,,0,97,,678,15,,,0,100,,679,15,,,0,100,,673,15,,,0,100,,676,15,,,0,105,,677,15,,,0
301,'4619',1422,,681,15,,,0,100,,684,15,,,0,80,,682,15,,,0,100,,685,15,,,0,101,,683,15,,,0,46,,686,15,,,0
301,'4623',1422,,1173,15,,,0,100,,1176,15,,,0,80,,1174,15,,,0,100,,1177,15,,,0,101,,1175,15,,,0,46,,1178,15,,,0
301,'4931',1422,,693,15,,,0,100,,696,15,,,0,80,,694,15,,,0,100,,697,15,,,0,101,,695,15,,,0
301,'5087',743,,1181,15,,,0,75,,1183,15,,,0,24,,1184,15,,,0,80,,1182,15,,,0,107,,1185,15,,,0,93,,1186,15,,,0,100,,1180,15,,,0,100,,1179,15,,,0
301,'5088',1422,,1187,15,,,0,100,,1190,15,,,0,80,,1188,15,,,0,100,,1191,15,,,0,101,,1189,15,,,0
301,'5284',923,,1195,15,,,0,100,,1196,15,,,0,100,,1192,15,,,0,100,,1201,15,,,0,103,,1193,15,,,0,97,,1199,15,,,0,100,,1200,15,,,0,100,,1194,15,,,0,100,,1197,15,,,0,105,,1198,15,,,0
301,'5285',1109,,1202,15,,,0,120,,1203,15,,,0,175,,1204,15,,,0,120,,1205,15,,,0,120,,1206,15,,,0
301,'5287',743,,1209,15,,,0,75,,1211,15,,,0,24,,1212,15,,,0,80,,1210,15,,,0,107,,1213,15,,,0,93,,1214,15,,,0,100,,1208,15,,,0,100,,1207,15,,,0
301,'5288',1422,,1215,15,,,0,100,,1218,15,,,0,80,,1216,15,,,0,100,,1219,15,,,0,101,,1217,15,,,0
301,'5298',1422,,1220,15,,,0,100,,1223,15,,,0,80,,1221,15,,,0,100,,1224,15,,,0,101,,1222,15,,,0,46,,1225,15,,,0
