500,'4159',953,,733,10,,,0,105,,734,10,,,0,155,,735,10,,,0,189,,736,10,,,0,120,,731,10,,,0,120,,732,10,,,0,91,,737,10,,,0
500,'4614',801,,755,10,,,0,40,,752,10,,,0,17,,753,10,,,0,60,,743,10,,,0,23,,756,10,,,0,17,,744,10,,,0,80,,754,10,,,0,80,,745,10,,,0,40,,747,10,,,0,80,,746,10,,,0,120,,738,10,,,0,100,,748,10,,,0,80,,739,10,,,0,20,,749,10,,,0,60,,750,10,,,0,23,,740,10,,,0,60,,741,10,,,0,17,,751,10,,,0,100,,742,10,,,0
500,'4616',938,,760,10,,,0,100,,761,10,,,0,80,,769,10,,,0,40,,762,10,,,0,80,,763,10,,,0,80,,764,10,,,0,40,,757,10,,,0,80,,758,10,,,0,80,,759,10,,,0,40,,765,10,,,0,80,,766,10,,,0,103,,767,10,,,0,102,,768,10,,,0
500,'4619',1318,,774,10,,,0,120,,770,10,,,0,80,,771,10,,,0,220,,772,10,,,0,165,,773,10,,,0
500,'4623',1318,,1250,10,,,0,120,,1246,10,,,0,80,,1247,10,,,0,220,,1248,10,,,0,165,,1249,10,,,0
500,'4931',1318,,783,10,,,0,120,,780,10,,,0,80,,781,10,,,0,220,,782,10,,,0
500,'5087',801,,1268,10,,,0,40,,1265,10,,,0,17,,1266,10,,,0,60,,1256,10,,,0,23,,1269,10,,,0,17,,1257,10,,,0,80,,1267,10,,,0,80,,1258,10,,,0,40,,1260,10,,,0,80,,1259,10,,,0,120,,1251,10,,,0,100,,1261,10,,,0,80,,1252,10,,,0,20,,1262,10,,,0,60,,1263,10,,,0,23,,1253,10,,,0,60,,1254,10,,,0,17,,1264,10,,,0,100,,1255,10,,,0
500,'5088',1318,,1273,10,,,0,120,,1270,10,,,0,80,,1271,10,,,0,220,,1272,10,,,0
500,'5284',938,,1277,10,,,0,100,,1278,10,,,0,80,,1286,10,,,0,40,,1279,10,,,0,80,,1280,10,,,0,80,,1281,10,,,0,40,,1274,10,,,0,80,,1275,10,,,0,80,,1276,10,,,0,40,,1282,10,,,0,80,,1283,10,,,0,103,,1284,10,,,0,102,,1285,10,,,0
500,'5285',953,,1289,10,,,0,105,,1290,10,,,0,155,,1291,10,,,0,189,,1292,10,,,0,120,,1287,10,,,0,120,,1288,10,,,0,91,,1293,10,,,0
500,'5287',801,,1311,10,,,0,40,,1308,10,,,0,17,,1309,10,,,0,60,,1299,10,,,0,23,,1312,10,,,0,17,,1300,10,,,0,80,,1310,10,,,0,80,,1301,10,,,0,40,,1303,10,,,0,80,,1302,10,,,0,120,,1294,10,,,0,100,,1304,10,,,0,80,,1295,10,,,0,20,,1305,10,,,0,60,,1306,10,,,0,23,,1296,10,,,0,60,,1297,10,,,0,17,,1307,10,,,0,100,,1298,10,,,0
500,'5288',1318,,1316,10,,,0,120,,1313,10,,,0,80,,1314,10,,,0,220,,1315,10,,,0
500,'5298',1318,,1321,10,,,0,120,,1317,10,,,0,80,,1318,10,,,0,220,,1319,10,,,0,165,,1320,10,,,0
2200,'4653',1645,,936,3,0,10,0,70,,934,3,0,10,0
2200,'5273',1650,,1451,3,0,10,0,65,,1449,3,0,10,0,30,,1453,3,0,10,0
2201,'4653',750,,940,3,,,0,70,,938,3,,,0
2201,'5273',715,,1459,3,,,0,35,,1457,3,,,0,70,,1455,3,,,0
