1401,'4159',1018,,863,8,,,0,116,,864,8,,,0,120,,865,8,,,0,175,,866,8,,,0,120,,867,8,,,0,160,,868,8,,,0
1401,'4614',738,,871,8,,,0,75,,877,8,,,0,40,,878,8,,,0,83,,872,8,,,0,80,,879,8,,,0,40,,873,8,,,0,80,,875,8,,,0,80,,874,8,,,0,120,,869,8,,,0,297,,876,8,,,0,200,,870,8,,,0
1401,'4616',918,,894,8,,,0,40,,884,8,,,0,98,,895,8,,,0,80,,885,8,,,0,80,,886,8,,,0,40,,887,8,,,0,80,,880,8,,,0,80,,881,8,,,0,40,,882,8,,,0,80,,893,8,,,0,80,,888,8,,,0,35,,883,8,,,0,102,,889,8,,,0,103,,890,8,,,0,102,,891,8,,,0,100,,892,8,,,0
1401,'4619',1256,,901,8,,,0,160,,902,8,,,0,37,,896,8,,,0,80,,897,8,,,0,183,,898,8,,,0,197,,903,8,,,0,45,,899,8,,,0,100,,900,8,,,0
1401,'4623',1256,,1383,8,,,0,160,,1384,8,,,0,37,,1378,8,,,0,80,,1379,8,,,0,183,,1380,8,,,0,197,,1385,8,,,0,45,,1381,8,,,0,100,,1382,8,,,0
1401,'4931',1256,,915,8,,,0,160,,916,8,,,0,37,,912,8,,,0,80,,913,8,,,0,183,,914,8,,,0
1401,'5087',738,,1388,8,,,0,75,,1394,8,,,0,40,,1395,8,,,0,83,,1389,8,,,0,80,,1396,8,,,0,40,,1390,8,,,0,80,,1392,8,,,0,80,,1391,8,,,0,120,,1386,8,,,0,297,,1393,8,,,0,200,,1387,8,,,0
1401,'5088',1256,,1400,8,,,0,160,,1401,8,,,0,37,,1397,8,,,0,80,,1398,8,,,0,183,,1399,8,,,0
1401,'5284',918,,1416,8,,,0,40,,1406,8,,,0,98,,1417,8,,,0,80,,1407,8,,,0,80,,1408,8,,,0,40,,1409,8,,,0,80,,1402,8,,,0,80,,1403,8,,,0,40,,1404,8,,,0,80,,1415,8,,,0,80,,1410,8,,,0,35,,1405,8,,,0,102,,1411,8,,,0,103,,1412,8,,,0,102,,1413,8,,,0,100,,1414,8,,,0
1401,'5285',1018,,1418,8,,,0,116,,1419,8,,,0,120,,1420,8,,,0,175,,1421,8,,,0,120,,1422,8,,,0,160,,1423,8,,,0
1401,'5287',738,,1426,8,,,0,75,,1432,8,,,0,40,,1433,8,,,0,83,,1427,8,,,0,80,,1434,8,,,0,40,,1428,8,,,0,80,,1430,8,,,0,80,,1429,8,,,0,120,,1424,8,,,0,297,,1431,8,,,0,200,,1425,8,,,0
1401,'5288',1256,,1438,8,,,0,160,,1439,8,,,0,37,,1435,8,,,0,80,,1436,8,,,0,183,,1437,8,,,0
1401,'5298',1256,,1445,8,,,0,160,,1446,8,,,0,37,,1440,8,,,0,80,,1441,8,,,0,183,,1442,8,,,0,197,,1447,8,,,0,45,,1443,8,,,0,100,,1444,8,,,0
