100,'4159',1022,,474,14,,,0,35,,467,14,,,0,81,,475,14,,,0,79,,468,14,,,0,41,,469,14,,,0,94,,470,14,,,0,81,,471,14,,,0,79,,476,14,,,0,41,,472,14,,,0,77,,477,14,,,0,83,,473,14,,,0
100,'4614',743,,488,14,,,0,96,,485,21,0,5 2 6 3 7,0,76,,489,14,,,0,100,,490,14,,,0,18,,482,14,,,0,82,,486,14,,,0,44,,491,14,,,0,76,,487,14,,,0,80,,483,14,,,0,124,,478,14,,,0,80,,479,21,0,5 2 6 3 7,0,26,,484,14,,,0,70,,480,14,,,0,120,,481,14,,,0
100,'4616',952,,504,14,,,0,85,,505,14,,,0,75,,499,14,,,0,45,,506,14,,,0,80,,492,14,,,0,75,,493,14,,,0,45,,500,14,,,0,80,,494,14,,,0,80,,495,14,,,0,40,,496,14,,,0,75,,503,14,,,0,95,,497,14,,,0,102,,498,14,,,0,103,,501,14,,,0,100,,502,14,,,0
100,'4619',1355,,510,14,,,0,300,,507,14,,,0,178,,511,14,,,0,100,,508,14,,,0,100,,509,14,,,0
100,'4623',1355,,985,14,,,0,300,,982,14,,,0,178,,986,14,,,0,100,,983,14,,,0,100,,984,14,,,0
100,'4931',1355,,518,14,,,0,300,,517,14,,,0
100,'5087',743,,997,14,,,0,96,,994,21,0,5 2 6 3 7,0,76,,998,14,,,0,100,,999,14,,,0,18,,991,14,,,0,82,,995,14,,,0,44,,1000,14,,,0,76,,996,14,,,0,80,,992,14,,,0,124,,987,14,,,0,80,,988,21,0,5 2 6 3 7,0,26,,993,14,,,0,70,,989,14,,,0,120,,990,14,,,0
100,'5088',1355,,1002,14,,,0,300,,1001,14,,,0
100,'5284',952,,1015,14,,,0,85,,1016,14,,,0,75,,1010,14,,,0,45,,1017,14,,,0,80,,1003,14,,,0,75,,1004,14,,,0,45,,1011,14,,,0,80,,1005,14,,,0,80,,1006,14,,,0,40,,1007,14,,,0,75,,1014,14,,,0,95,,1008,14,,,0,102,,1009,14,,,0,103,,1012,14,,,0,100,,1013,14,,,0
100,'5285',1022,,1025,14,,,0,35,,1018,14,,,0,81,,1026,14,,,0,79,,1019,14,,,0,41,,1020,14,,,0,94,,1021,14,,,0,81,,1022,14,,,0,79,,1027,14,,,0,41,,1023,14,,,0,77,,1028,14,,,0,83,,1024,14,,,0
100,'5287',743,,1039,14,,,0,96,,1036,21,0,5 2 6 3 7,0,76,,1040,14,,,0,100,,1041,14,,,0,18,,1033,14,,,0,82,,1037,14,,,0,44,,1042,14,,,0,76,,1038,14,,,0,80,,1034,14,,,0,124,,1029,14,,,0,80,,1030,21,0,5 2 6 3 7,0,26,,1035,14,,,0,70,,1031,14,,,0,120,,1032,14,,,0
100,'5288',1355,,1044,14,,,0,300,,1043,14,,,0
100,'5298',1355,,1048,14,,,0,300,,1045,14,,,0,178,,1049,14,,,0,100,,1046,14,,,0,100,,1047,14,,,0
