200,'4159',1001,,609,2,,,0,116,,610,2,,,0,120,,611,2,,,0,175,,612,2,,,0,120,,613,2,,,0,120,,614,2,,,0
200,'4614',754,,616,2,,,0,80,,617,2,,,0,100,,620,2,,,0,104,,622,2,,,0,96,,621,2,,,0,100,,618,2,,,0,100,,619,2,,,0,422,,615,2,,,0
200,'4616',1031,,623,2,,,0,100,,624,2,,,0,100,,631,2,,,0,105,,625,2,,,0,95,,630,2,,,0,105,,629,2,,,0,95,,626,2,,,0,105,,627,2,,,0,100,,628,2,,,0
200,'4619',1431,,632,2,,,0,120,,633,2,,,0,85,,634,2,,,0,75,,635,2,,,0,145,,636,2,,,0
200,'4623',1431,,1124,2,,,0,120,,1125,2,,,0,85,,1126,2,,,0,75,,1127,2,,,0,145,,1128,2,,,0
200,'4931',1431,,642,2,,,0,120,,643,2,,,0,85,,644,2,,,0,75,,645,2,,,0
200,'5087',754,,1130,2,,,0,80,,1131,2,,,0,100,,1134,2,,,0,104,,1136,2,,,0,96,,1135,2,,,0,100,,1132,2,,,0,100,,1133,2,,,0,422,,1129,2,,,0
200,'5088',1431,,1137,2,,,0,120,,1138,2,,,0,85,,1139,2,,,0,75,,1140,2,,,0
200,'5284',1031,,1141,2,,,0,100,,1142,2,,,0,100,,1149,2,,,0,105,,1143,2,,,0,95,,1148,2,,,0,105,,1147,2,,,0,95,,1144,2,,,0,105,,1145,2,,,0,100,,1146,2,,,0
200,'5285',1001,,1150,2,,,0,116,,1151,2,,,0,120,,1152,2,,,0,175,,1153,2,,,0,120,,1154,2,,,0,120,,1155,2,,,0
200,'5287',754,,1157,2,,,0,80,,1158,2,,,0,100,,1161,2,,,0,104,,1163,2,,,0,96,,1162,2,,,0,100,,1159,2,,,0,100,,1160,2,,,0,422,,1156,2,,,0
200,'5288',1431,,1164,2,,,0,120,,1165,2,,,0,85,,1166,2,,,0,75,,1167,2,,,0
200,'5298',1431,,1168,2,,,0,120,,1169,2,,,0,85,,1170,2,,,0,75,,1171,2,,,0,145,,1172,2,,,0
500,'4159',946,,733,2,,,0,105,,734,2,,,0,155,,735,2,,,0,149,,736,2,,,0,160,,731,2,,,0,120,,732,2,,,0,91,,737,2,,,0
500,'4614',754,,755,2,,,0,80,,752,2,,,0,17,,753,2,,,0,60,,743,2,,,0,23,,756,2,,,0,17,,744,2,,,0,80,,754,2,,,0,80,,745,2,,,0,40,,747,2,,,0,80,,746,2,,,0,120,,738,2,,,0,100,,748,2,,,0,80,,739,2,,,0,20,,749,2,,,0,60,,750,2,,,0,23,,740,2,,,0,20,,741,2,,,0,57,,751,2,,,0,100,,742,2,,,0
500,'4616',931,,760,2,,,0,100,,761,2,,,0,80,,769,2,,,0,40,,762,2,,,0,80,,763,2,,,0,80,,764,2,,,0,40,,757,2,,,0,80,,758,2,,,0,80,,759,2,,,0,40,,765,2,,,0,80,,766,2,,,0,103,,767,2,,,0,102,,768,2,,,0
500,'4619',1311,,774,2,,,0,120,,770,2,,,0,80,,771,2,,,0,220,,772,2,,,0,125,,773,2,,,0
500,'4623',1311,,1250,2,,,0,120,,1246,2,,,0,80,,1247,2,,,0,220,,1248,2,,,0,125,,1249,2,,,0
500,'4931',1311,,783,2,,,0,120,,780,2,,,0,80,,781,2,,,0,220,,782,2,,,0
500,'5087',754,,1268,2,,,0,80,,1265,2,,,0,17,,1266,2,,,0,60,,1256,2,,,0,23,,1269,2,,,0,17,,1257,2,,,0,80,,1267,2,,,0,80,,1258,2,,,0,40,,1260,2,,,0,80,,1259,2,,,0,120,,1251,2,,,0,100,,1261,2,,,0,80,,1252,2,,,0,20,,1262,2,,,0,60,,1263,2,,,0,23,,1253,2,,,0,20,,1254,2,,,0,57,,1264,2,,,0,100,,1255,2,,,0
500,'5088',1311,,1273,2,,,0,120,,1270,2,,,0,80,,1271,2,,,0,220,,1272,2,,,0
500,'5284',931,,1277,2,,,0,100,,1278,2,,,0,80,,1286,2,,,0,40,,1279,2,,,0,80,,1280,2,,,0,80,,1281,2,,,0,40,,1274,2,,,0,80,,1275,2,,,0,80,,1276,2,,,0,40,,1282,2,,,0,80,,1283,2,,,0,103,,1284,2,,,0,102,,1285,2,,,0
500,'5285',946,,1289,2,,,0,105,,1290,2,,,0,155,,1291,2,,,0,149,,1292,2,,,0,160,,1287,2,,,0,120,,1288,2,,,0,91,,1293,2,,,0
500,'5287',754,,1311,2,,,0,80,,1308,2,,,0,17,,1309,2,,,0,60,,1299,2,,,0,23,,1312,2,,,0,17,,1300,2,,,0,80,,1310,2,,,0,80,,1301,2,,,0,40,,1303,2,,,0,80,,1302,2,,,0,120,,1294,2,,,0,100,,1304,2,,,0,80,,1295,2,,,0,20,,1305,2,,,0,60,,1306,2,,,0,23,,1296,2,,,0,20,,1297,2,,,0,57,,1307,2,,,0,100,,1298,2,,,0
500,'5288',1311,,1316,2,,,0,120,,1313,2,,,0,80,,1314,2,,,0,220,,1315,2,,,0
500,'5298',1311,,1321,2,,,0,120,,1317,2,,,0,80,,1318,2,,,0,220,,1319,2,,,0,125,,1320,2,,,0
1401,'4159',1016,,863,2,,,0,116,,864,2,,,0,120,,865,2,,,0,175,,866,2,,,0,120,,867,2,,,0,160,,868,2,,,0
1401,'4614',736,,871,2,,,0,75,,877,2,,,0,40,,878,2,,,0,83,,872,2,,,0,80,,879,2,,,0,40,,873,2,,,0,80,,875,2,,,0,80,,874,2,,,0,120,,869,2,,,0,297,,876,2,,,0,200,,870,2,,,0
1401,'4616',916,,894,2,,,0,40,,884,2,,,0,98,,895,2,,,0,80,,885,2,,,0,80,,886,2,,,0,40,,887,2,,,0,80,,880,2,,,0,80,,881,2,,,0,40,,882,2,,,0,80,,893,2,,,0,80,,888,2,,,0,35,,883,2,,,0,102,,889,2,,,0,103,,890,2,,,0,102,,891,2,,,0,100,,892,2,,,0
1401,'4619',1254,,901,2,,,0,160,,902,2,,,0,37,,896,2,,,0,80,,897,2,,,0,183,,898,2,,,0,197,,903,2,,,0,45,,899,2,,,0,100,,900,2,,,0
1401,'4623',1254,,1383,2,,,0,160,,1384,2,,,0,37,,1378,2,,,0,80,,1379,2,,,0,183,,1380,2,,,0,197,,1385,2,,,0,45,,1381,2,,,0,100,,1382,2,,,0
1401,'4931',1254,,915,2,,,0,160,,916,2,,,0,37,,912,2,,,0,80,,913,2,,,0,183,,914,2,,,0
1401,'5087',736,,1388,2,,,0,75,,1394,2,,,0,40,,1395,2,,,0,83,,1389,2,,,0,80,,1396,2,,,0,40,,1390,2,,,0,80,,1392,2,,,0,80,,1391,2,,,0,120,,1386,2,,,0,297,,1393,2,,,0,200,,1387,2,,,0
1401,'5088',1254,,1400,2,,,0,160,,1401,2,,,0,37,,1397,2,,,0,80,,1398,2,,,0,183,,1399,2,,,0
1401,'5284',916,,1416,2,,,0,40,,1406,2,,,0,98,,1417,2,,,0,80,,1407,2,,,0,80,,1408,2,,,0,40,,1409,2,,,0,80,,1402,2,,,0,80,,1403,2,,,0,40,,1404,2,,,0,80,,1415,2,,,0,80,,1410,2,,,0,35,,1405,2,,,0,102,,1411,2,,,0,103,,1412,2,,,0,102,,1413,2,,,0,100,,1414,2,,,0
1401,'5285',1016,,1418,2,,,0,116,,1419,2,,,0,120,,1420,2,,,0,175,,1421,2,,,0,120,,1422,2,,,0,160,,1423,2,,,0
1401,'5287',736,,1426,2,,,0,75,,1432,2,,,0,40,,1433,2,,,0,83,,1427,2,,,0,80,,1434,2,,,0,40,,1428,2,,,0,80,,1430,2,,,0,80,,1429,2,,,0,120,,1424,2,,,0,297,,1431,2,,,0,200,,1425,2,,,0
1401,'5288',1254,,1438,2,,,0,160,,1439,2,,,0,37,,1435,2,,,0,80,,1436,2,,,0,183,,1437,2,,,0
1401,'5298',1254,,1445,2,,,0,160,,1446,2,,,0,37,,1440,2,,,0,80,,1441,2,,,0,183,,1442,2,,,0,197,,1447,2,,,0,45,,1443,2,,,0,100,,1444,2,,,0
