100,'4159',1022,,474,15,,,0,35,,467,15,,,0,81,,475,15,,,0,79,,468,15,,,0,41,,469,15,,,0,94,,470,15,,,0,81,,471,15,,,0,79,,476,15,,,0,41,,472,15,,,0,77,,477,15,,,0,83,,473,15,,,0
100,'4614',744,,488,15,,,0,96,,485,22,0,5 2 6 3 7,0,76,,489,15,,,0,100,,490,15,,,0,18,,482,15,,,0,82,,486,15,,,0,84,,491,15,,,0,36,,487,15,,,0,80,,483,15,,,0,124,,478,15,,,0,80,,479,22,0,5 2 6 3 7,0,26,,484,15,,,0,70,,480,15,,,0,120,,481,15,,,0
100,'4616',952,,504,15,,,0,85,,505,15,,,0,75,,499,15,,,0,45,,506,15,,,0,80,,492,15,,,0,75,,493,15,,,0,45,,500,15,,,0,80,,494,15,,,0,80,,495,15,,,0,40,,496,15,,,0,75,,503,15,,,0,95,,497,15,,,0,102,,498,15,,,0,103,,501,15,,,0,100,,502,15,,,0
100,'4619',1356,,510,15,,,0,300,,507,15,,,0,178,,511,15,,,0,100,,508,15,,,0,100,,509,15,,,0
100,'4623',1356,,985,15,,,0,300,,982,15,,,0,178,,986,15,,,0,100,,983,15,,,0,100,,984,15,,,0
100,'4931',1356,,518,15,,,0,300,,517,15,,,0
100,'5087',744,,997,15,,,0,96,,994,22,0,5 2 6 3 7,0,76,,998,15,,,0,100,,999,15,,,0,18,,991,15,,,0,82,,995,15,,,0,84,,1000,15,,,0,36,,996,15,,,0,80,,992,15,,,0,124,,987,15,,,0,80,,988,22,0,5 2 6 3 7,0,26,,993,15,,,0,70,,989,15,,,0,120,,990,15,,,0
100,'5088',1356,,1002,15,,,0,300,,1001,15,,,0
100,'5284',952,,1015,15,,,0,85,,1016,15,,,0,75,,1010,15,,,0,45,,1017,15,,,0,80,,1003,15,,,0,75,,1004,15,,,0,45,,1011,15,,,0,80,,1005,15,,,0,80,,1006,15,,,0,40,,1007,15,,,0,75,,1014,15,,,0,95,,1008,15,,,0,102,,1009,15,,,0,103,,1012,15,,,0,100,,1013,15,,,0
100,'5285',1022,,1025,15,,,0,35,,1018,15,,,0,81,,1026,15,,,0,79,,1019,15,,,0,41,,1020,15,,,0,94,,1021,15,,,0,81,,1022,15,,,0,79,,1027,15,,,0,41,,1023,15,,,0,77,,1028,15,,,0,83,,1024,15,,,0
100,'5287',744,,1039,15,,,0,96,,1036,22,0,5 2 6 3 7,0,76,,1040,15,,,0,100,,1041,15,,,0,18,,1033,15,,,0,82,,1037,15,,,0,84,,1042,15,,,0,36,,1038,15,,,0,80,,1034,15,,,0,124,,1029,15,,,0,80,,1030,22,0,5 2 6 3 7,0,26,,1035,15,,,0,70,,1031,15,,,0,120,,1032,15,,,0
100,'5288',1356,,1044,15,,,0,300,,1043,15,,,0
100,'5298',1356,,1048,15,,,0,300,,1045,15,,,0,178,,1049,15,,,0,100,,1046,15,,,0,100,,1047,15,,,0
