301,'4159',1110,,658,16,,,0,120,,659,16,,,0,175,,660,16,,,0,120,,661,16,,,0,120,,662,16,,,0
301,'4614',744,,665,16,,,0,75,,667,16,,,0,24,,668,16,,,0,80,,666,16,,,0,107,,669,16,,,0,93,,670,16,,,0,100,,664,16,,,0,100,,663,16,,,0
301,'4616',924,,674,16,,,0,100,,675,16,,,0,100,,671,16,,,0,100,,680,16,,,0,103,,672,16,,,0,97,,678,16,,,0,100,,679,16,,,0,100,,673,16,,,0,100,,676,16,,,0,105,,677,16,,,0
301,'4619',1423,,681,16,,,0,100,,684,16,,,0,80,,682,16,,,0,100,,685,16,,,0,101,,683,16,,,0,46,,686,16,,,0
301,'4623',1423,,1173,16,,,0,100,,1176,16,,,0,80,,1174,16,,,0,100,,1177,16,,,0,101,,1175,16,,,0,46,,1178,16,,,0
301,'4931',1423,,693,16,,,0,100,,696,16,,,0,80,,694,16,,,0,100,,697,16,,,0,101,,695,16,,,0
301,'5087',744,,1181,16,,,0,75,,1183,16,,,0,24,,1184,16,,,0,80,,1182,16,,,0,107,,1185,16,,,0,93,,1186,16,,,0,100,,1180,16,,,0,100,,1179,16,,,0
301,'5088',1423,,1187,16,,,0,100,,1190,16,,,0,80,,1188,16,,,0,100,,1191,16,,,0,101,,1189,16,,,0
301,'5284',924,,1195,16,,,0,100,,1196,16,,,0,100,,1192,16,,,0,100,,1201,16,,,0,103,,1193,16,,,0,97,,1199,16,,,0,100,,1200,16,,,0,100,,1194,16,,,0,100,,1197,16,,,0,105,,1198,16,,,0
301,'5285',1110,,1202,16,,,0,120,,1203,16,,,0,175,,1204,16,,,0,120,,1205,16,,,0,120,,1206,16,,,0
301,'5287',744,,1209,16,,,0,75,,1211,16,,,0,24,,1212,16,,,0,80,,1210,16,,,0,107,,1213,16,,,0,93,,1214,16,,,0,100,,1208,16,,,0,100,,1207,16,,,0
301,'5288',1423,,1215,16,,,0,100,,1218,16,,,0,80,,1216,16,,,0,100,,1219,16,,,0,101,,1217,16,,,0
301,'5298',1423,,1220,16,,,0,100,,1223,16,,,0,80,,1221,16,,,0,100,,1224,16,,,0,101,,1222,16,,,0,46,,1225,16,,,0
